0.000951836983578545 0.33859
0.0010020168717554659 0.2905
0.0009645031393962612 0.32202
0.0009683992729834096 0.31787
0.0009689712076327338 0.31729
0.000996055695442304 0.29461
0.001061512097725635 0.25823
0.0009665853704049072 0.31976
0.00101094945426797 0.28474
0.0009901108783610842 0.29896
0.0010032420900790266 0.28969
0.0009709965171975454 0.31528
0.0009990910219949364 0.29249
0.001020862690600925 0.27881999999999996
0.0009704662703970633 0.3158
0.0009982026884476298 0.2931
0.001007742258985318 0.28676
0.0010006474963461503 0.29143
0.0009778149896255005 0.30896
0.001067162367249231 0.25572
0.00097105339522476 0.31522
0.001037877745431577 0.26958000000000004
0.0010446130513510157 0.26619
0.001025173476963893 0.27638
0.0009748862597079135 0.31159000000000003
0.0010346594172630612 0.27125
0.0009791409211622605 0.3078
0.0009724329842528967 0.31389
0.0009723150607668288 0.314
0.000985310501948746 0.30268
0.0009628054189402703 0.32393
0.0009630323705800375 0.32366999999999996
0.0010114430970990312 0.28444
0.0010477901968822644 0.26463000000000003
0.0009753144122331983 0.3112
0.00099239636023391 0.29725999999999997
0.0009752532932856077 0.31125
0.00098181524979914 0.30553
0.0009605093518700209 0.32664
0.001070783678332453 0.25415
0.0010068451235171582 0.28733000000000003
0.00095132647705577 0.33941
0.0009933292202500036 0.29657
0.000968793926861311 0.31747
0.0009798305909710166 0.30721
0.0010260830169925876 0.27587
0.0010351210208841934 0.27101
0.0009741816354110063 0.31224
0.0009652808938204061 0.32116
0.0009712938424790763 0.31499
0.0010105063686809174 0.28502
0.0009652743031399459 0.32116999999999996
0.0009637390038823473 0.32287
0.0010129552678910293 0.28351
0.0010394925205970667 0.26875
0.0009677400929187265 0.31855
0.0010097590923478996 0.28549
0.001002419826477562 0.29023000000000004
0.0009855900955820706 0.30246
0.001016958781679836 0.2811
0.0010492622383129124 0.26392
0.0010147381413068506 0.28243
0.0010291268684266904 0.2742
0.0010557779638324454 0.26085
0.0010064183685935361 0.28761
0.0010145605500408142 0.28253
0.0009863818948128115 0.30183000000000004
0.0010136899464501573 0.28306
0.0009696618194505718 0.3166
0.0010266156768925516 0.27558
0.0009915218901207403 0.2979
0.0010250943066638964 0.27642
0.0009744311890663662 0.31201
0.0010370473428115002 0.27001
0.001006917699753581 0.28729
0.0010762169104295827 0.25185
0.0010259429254691735 0.27595
0.0010457394348410188 0.26563000000000003
0.0009942904076369681 0.29586999999999997
0.0010051321151484127 0.28844000000000003
0.0009932461764733172 0.29663
0.0009577607385245408 0.33009
0.0010069424273040316 0.28726999999999997
0.0010139688004973412 0.28289000000000003
0.001027065896713589 0.27533
0.0009901056679908187 0.29896
0.0009788914503931745 0.30801999999999996
0.0009868058802823586 0.3015
0.0010117547485494077 0.28425
0.0010559380899644172 0.26077
0.0009525280141506195 0.3375
0.0009946678630828973 0.2956
0.0010145694109781984 0.28253
0.0009778617250792716 0.30892
0.0010056270943091972 0.28812
0.0010007440481421344 0.29136
0.0010319484818374998 0.27268000000000003
0.000981140845724952 0.3061
0.0009966919295415501 0.29416
0.0010241105495888657 0.27697
0.0009844509900827421 0.30337
0.0010501654530475839 0.26349
0.0009955885546045788 0.29494000000000004
0.0009710092739777568 0.31526
0.000993595856747634 0.29638000000000003
0.000981996045437251 0.30538000000000004
0.0010219821120198162 0.27818000000000004
0.0010129850695474625 0.28349
0.0010074403221445624 0.28695
0.0009941088252370819 0.29601
0.0010109516252869055 0.28474
0.000979451382132684 0.30753
0.0010544986807282661 0.26144
0.0010243201366482114 0.27686
0.0010210507992141698 0.27871
0.0009790675453834126 0.30787
0.0010303556952164052 0.27354
0.0010091683517239702 0.28586
0.0010002500963200655 0.2917
0.0010031785995690662 0.28973000000000004
0.0010008032311971584 0.29131999999999997
0.0009821051420050176 0.30529
0.0009697334091335884 0.31651999999999997
0.0010143929991030215 0.28264
0.0010202066876554602 0.2792
0.0009982124994759773 0.2931
0.0010192030985827637 0.27978000000000003
0.0010299028068708376 0.27378
0.0010072153511296365 0.2871
0.0009880638025975966 0.30052
0.000981627393603732 0.30569
0.0009777666859107997 0.309
0.0009908732431911271 0.29839
0.0010615039417914563 0.25823
0.00104215393777028 0.26741
0.0010106303406095763 0.28494
0.0010406688424093092 0.26816
0.0010062108191081045 0.28774
0.000968799733223356 0.31747
0.00096938612823835 0.31687
0.0009835987571727891 0.30406
0.0010060411512811877 0.28785
0.0009749685821296805 0.31151
0.0010115369683416382 0.28438
0.0009900434604325733 0.29901
0.0010076835864044895 0.2868
0.001044263789830936 0.26636
0.0009681275932037171 0.31815
0.0010069558847645816 0.28726
0.000970430442852127 0.31583
0.0010192819125281673 0.27974
0.0009915469693270152 0.29788000000000003
0.0009901666756715745 0.29891999999999996
0.000977778682054388 0.30899
0.0009924238048001804 0.29724
0.0010066354300776966 0.28747
0.0009996816276702386 0.29208
0.0009847223001633397 0.30315
0.0010458251411278117 0.26559
0.0009563026772454361 0.33203
0.0009764803095458956 0.31014
0.0010005476766507433 0.29149
0.0010279610763664043 0.27484000000000003
0.0009604832069830806 0.32666999999999996
0.0009671004138704653 0.31922
0.0009862088000801503 0.30196999999999996
0.000990687428140697 0.29853
0.0010613885774425915 0.25829
0.0009888896006126258 0.29989
0.0009837651009030133 0.30393000000000003
0.0009978711726720611 0.29333000000000004
0.001080468670488439 0.25009000000000003
0.0009746538512944678 0.3118
0.0009795689434376862 0.30743000000000004
0.0010325801735433914 0.27235
0.00105955055157525 0.25911999999999996
0.0010022832206884721 0.29031999999999997
0.0009963278702842316 0.29441999999999996
0.0009603660198879909 0.32681
0.0009740327383956747 0.31238
0.0009570539971505587 0.33102
0.0009953936861552125 0.29508
0.0009898895727613849 0.29913
0.0009632597674750952 0.32341
0.0009603788285426051 0.32679
0.0009719827875497996 0.31432
0.000998325418773736 0.29302
0.0010047255292181232 0.28870999999999997
0.0009974033364166179 0.29366
0.001010518243596282 0.28501
0.0010200338865018466 0.2793
0.0010332419886773742 0.272
0.0010598992214264176 0.25895999999999997
0.000954091829857528 0.33515
0.0009616163527525647 0.32531
0.0009617435450291106 0.32516
0.0009934867011633364 0.29646
0.0009936753129206979 0.29632
0.0010401243694297723 0.26843
0.0010187752740315108 0.28003
0.0009973149768293043 0.29372
0.0009629414759132151 0.32377
0.0009918792756233737 0.29764
0.0009835479234532494 0.30411
0.0010187531371939865 0.28004
0.0009961540397244442 0.29454
0.0010740716322867596 0.25275
0.0010235799620337016 0.27726999999999996
0.0010400762410731068 0.26846
0.0009794874748761066 0.3075
0.0009687580980007197 0.31751
0.0009952454644468706 0.29519
0.0010177589691518633 0.28063
0.0010121402653902956 0.28401
0.0009817556030696536 0.30558
0.0010592135175661128 0.25927
0.001047506906821842 0.26477
0.001010918781835783 0.28476
0.0009659513394641722 0.32044
0.0010433300413717197 0.26682
0.0009635548976799966 0.32308000000000003
0.0010473274136823217 0.26486
0.0009832901123703144 0.30432
0.0010280400147351944 0.27479000000000003
0.0009958903493545793 0.29473
0.0009941802841063874 0.29595
0.0009744663835932281 0.31198000000000004
0.000989365003952596 0.29953
0.001016757763858334 0.28121999999999997
0.0009669311164944466 0.3194
0.0009981054284532776 0.29317
0.001024295615091766 0.27687
0.0009601969587660456 0.32702
0.0009791560027051084 0.30779
0.0009564903531960897 0.33177
0.0010246008859906034 0.2767
0.0009522811372896223 0.33788
0.0009722773377387337 0.31404
0.000994218910237762 0.29593
0.0010237725040288747 0.27716
0.001003855346825063 0.28928000000000004
0.0010499779242623554 0.26358000000000004
0.0010549744221916078 0.26122
0.0010344090351208628 0.27138
0.000982636347918099 0.30485
0.0010261317390856234 0.27585
0.0009786119591930003 0.30826
0.0010243654301439465 0.27683
0.0009981028860436903 0.29317
0.000970829469779771 0.31544
0.0009736381595101166 0.31275
0.0010016445283815678 0.29075
0.0009789049264608473 0.30801
0.0010490360234400248 0.26403000000000004
0.0009924852584880294 0.29719
0.0009849478491267744 0.30296999999999996
0.0010299136503125704 0.27378
0.000990463569982071 0.29869
0.0010684830196257568 0.25515
0.0009753178096306775 0.3112
0.0010202514375976706 0.27917
0.0010303407824533168 0.27355
0.0010045211889914854 0.28884
0.0009613473180035605 0.32563000000000003
0.0010379476279580712 0.26954
0.0009971321398582643 0.29385
0.0010009252561441573 0.29124
0.001036125526404672 0.27048
0.0010274145607382834 0.27514
0.0009927567783216467 0.29699000000000003
0.0009872357993565982 0.30117
0.0010271628804203613 0.27528
0.0010230805387777967 0.27756
0.0009786914023974633 0.30819
0.0010087662888281098 0.28611
0.001026338947440472 0.27573000000000003
0.0009687215568068441 0.31755
0.0010090531975040261 0.28593
0.0010090766764977465 0.28591
0.0009769337651267804 0.30974
0.0010597523542790197 0.25902
0.000978769182989728 0.30812
0.0010124466019697986 0.28381999999999996
0.0010070989938370401 0.28717
0.001012850787393305 0.28357
0.000980125649378737 0.30696
0.0010203792356394343 0.2791
0.0009859086162558963 0.30221
0.0010762899916896293 0.25182
0.001039424996852292 0.26879000000000003
0.0009696754503896496 0.31658000000000003
0.0009649185445388714 0.32156
0.0009832032077096375 0.30439
0.0009873247789933856 0.3011
0.0009874302338277181 0.30101
0.0010510315616084715 0.26308000000000004
0.0009731969231703421 0.31316
0.0010007212350578668 0.29138000000000003
0.0010293693032600256 0.27407
0.0009803993206844138 0.30672
0.0010311965618056817 0.27309
0.0009823750646332922 0.30507
0.000984603392003373 0.30325
0.0009826847021915473 0.30480999999999997
0.000973211444620001 0.31315
0.0010115134277000767 0.28439000000000003
0.0010472311468196513 0.26491
0.001015382793719501 0.28204
0.0010119548256774828 0.28412
0.0010169103063661145 0.28113
0.0009964008940313534 0.29436999999999997
0.0010373685673445944 0.26984
0.0009757948212650837 0.31076
0.000955184028679966 0.33358000000000004
0.0009738872741125602 0.31251999999999996
0.0010184141812006368 0.28024
0.0009763502115509924 0.31026
0.001007890138623323 0.28667
0.0009635892398502768 0.32304
0.0009706239152034366 0.31564000000000003
0.00100938577896026 0.28572
0.001060313872698631 0.25877
0.0010123794552541975 0.28386
0.0010606786127135104 0.25861
0.0010055914881702264 0.28814
0.0010199806550947853 0.27933
0.0009627680385463647 0.32397
0.0009720800075106454 0.31423
0.0010120690591267777 0.28405
0.001011909884025523 0.28415
0.000970467302434547 0.3158
0.0010211716056765562 0.27864
0.0010369889337376013 0.27004
0.0009930664628675853 0.29675999999999997
0.0009908114974278366 0.29843000000000003
0.001018165991691709 0.28039000000000003
0.001027119379034881 0.2753
0.0009817425237659816 0.30559000000000003
0.001008251689114236 0.28644000000000003
0.0009807916575056584 0.30639
0.0009746484725203442 0.31181
0.0010198531619091129 0.2794
0.001002124878772824 0.29043
0.0009744619859219394 0.31198000000000004
0.0010038377033257512 0.28929
0.0010210200967098655 0.27873000000000003
0.0009762805327630947 0.31032
0.0009812887110787012 0.30596999999999996
0.0009934707229075335 0.29646999999999996
0.0010085237045739405 0.28626
0.0009797823235308074 0.30725
0.0009708767143920821 0.31539
0.000978273263699369 0.30856
0.0009689971044247044 0.31727
0.0010295420726499653 0.27398
0.0009648027330552085 0.32169000000000003
0.0010197960354110273 0.27944
0.0009823889478022564 0.30506
0.00098728695860681 0.30113
0.0010218155887966403 0.27828
0.0009978423620798516 0.29335
0.0010023755800553696 0.29026
0.0010056572325853963 0.2881
0.0009842743282330885 0.30351999999999996
0.0010876496156815615 0.24718
0.0009957941385012278 0.2948
0.0010329973187339027 0.27213000000000004
0.0009754409570194636 0.31108
0.0010132933343135518 0.2833
0.0010370554470592265 0.27
0.0009877256399442981 0.30078
0.0010203482529005847 0.27912
0.0009786709133240293 0.30821
0.001017503324013194 0.28078000000000003
0.000987047873243517 0.30130999999999997
0.0009782780459178606 0.30855
0.001013446051239614 0.28321
0.0009912276244892185 0.29812
0.0010139592952648389 0.2829
0.0009781080666565766 0.3087
0.000993375941231568 0.29654
0.0010538927544367816 0.26173
0.0009799652672578647 0.30709000000000003
0.0009743789592487697 0.31206
0.0010007556136905898 0.29135
0.0009746353362675997 0.31182
0.0010173367276771824 0.28088
0.0009748831874652052 0.31159000000000003
0.000947943149380684 0.34539000000000003
0.0009994504108644504 0.29224
0.0009751075036597717 0.31139
0.000994156264566354 0.29596999999999996
0.0010040026131798207 0.28918
0.0009814560624128138 0.30583
0.000992786392215296 0.29696999999999996
0.00099672831830738 0.29414
0.0010066985114189075 0.28743
0.0010504391655144715 0.26336
0.0010000357537312322 0.29184
0.0010076242808055866 0.28684
0.0009714580232722466 0.31483
0.0009707918762497321 0.31548000000000004
0.001015587154244818 0.28192
0.0010161586727712156 0.28158
0.0009730761719654717 0.31328
0.0009540164525913072 0.33526
0.001003791977919228 0.28931999999999997
0.001006944588549529 0.28726999999999997
0.001000642291614407 0.29143
0.0009751002598505083 0.31139
0.0010209328272368125 0.27878000000000003
0.0009650691838575128 0.3214
0.000998234820505222 0.29308
0.001032487064065112 0.2724
0.0009608270566497075 0.32625
0.0010221079722895056 0.27810999999999997
0.0009784450596924538 0.30841
0.000980452096686845 0.30668
0.0009755091665964687 0.31101999999999996
0.0009914945519345858 0.29791999999999996
0.0009832008744892178 0.30439
0.0009563459703815025 0.33197
0.001021361360362335 0.27854
0.0009603851931183317 0.32679
0.000996682342174577 0.29417
0.0010305865859276688 0.27341
0.001017537979497349 0.28076
0.000986483243299494 0.30175
0.0009853741255278262 0.30263
0.000989211843274849 0.29964
0.0009659438473719885 0.32045
0.0010850726086868753 0.24821999999999997
0.0009773204724476217 0.30939
0.0010031651558289197 0.28974
0.00099101444212027 0.29828000000000005
0.0010422831518328783 0.26735
0.000976646280757764 0.30999
0.0009680657837251275 0.31822
0.0009936035941155263 0.29636999999999997
0.0009748622770062243 0.31161
0.0009702614965680806 0.316
0.001019608656046633 0.27955
0.0009881715664067045 0.30044
0.0009982109661738842 0.2931
0.0009832274140727008 0.30437
0.0009831042967560321 0.30446999999999996
0.0010637458623225177 0.25723
0.0010071195492570837 0.28715999999999997
0.0009608999698817976 0.32616
0.0010056435852946039 0.28811
0.0009690866800532713 0.31717
0.0009687562583389291 0.31751
0.0009681707555260722 0.31811
0.000981861055084725 0.3055
0.0010424019327501975 0.26729
0.0009757443858131507 0.31081
0.0009762883376053007 0.31032
0.000979642127318834 0.30737
0.0010249284895716307 0.27652
0.0009810778049811 0.30615
0.00095475775115121 0.33418000000000003
0.000963211830264327 0.32345999999999997
0.0010182154856984119 0.28036
0.0009669744763530237 0.31935
0.0010030289860855342 0.28983000000000003
0.0010013292049376888 0.29096
0.000981792422054715 0.30555
0.001049520659483932 0.2638
0.0010118104336533096 0.28421
0.0010223346754584018 0.27798
0.0009937197899584414 0.29629
0.0009798538974259625 0.30719
0.0010180665424471998 0.28045
0.0009812721180360452 0.30599
0.0009656367108741594 0.32078
0.0010126463328926202 0.2837
0.0009891993706761487 0.29965
0.0009603944908532229 0.32677
0.0009939828751269408 0.2961
0.001003866615035456 0.28926999999999997
0.0009596222074870123 0.32771999999999996
0.0009847512101814877 0.30313
0.0010023199304741567 0.2903
0.0010064100200098548 0.28761
0.000992983901372484 0.29682
0.0009622060354018089 0.32461999999999996
0.0010172312863753025 0.28094
0.0009624136405206581 0.32438
0.0010314129947825853 0.27297
0.0009985272462870026 0.29288000000000003
0.0009716450267351717 0.31464000000000003
0.001038763060114184 0.26913000000000004
0.0010279602967467572 0.27484000000000003
0.0009869148798675464 0.30141999999999997
0.0009982625575228352 0.29306
0.0010013683366565398 0.29094000000000003
0.00100767606217273 0.2868
0.001058223032230684 0.25972
0.0010201942806515659 0.27921
0.0009761013095208294 0.31048000000000003
0.0009920798228162362 0.29749000000000003
0.0009989900495976738 0.29256
0.0009802839253236773 0.30682
0.000981888734401463 0.30546999999999996
0.0010286932254845458 0.27444
0.0009893852810176013 0.29951
0.0010427914546332897 0.26709
0.0010015609361646379 0.29081
0.0009805071448257072 0.30663
0.0009625748088394535 0.32419000000000003
0.0009490216541125971 0.34337
0.0009819688940741267 0.30541
0.0010758015643035032 0.25201999999999997
0.0009635665795699564 0.32306
0.0010200140077044478 0.27931
0.0009959051350629708 0.29472
0.0009770298613301837 0.30965
0.0009857931842447668 0.3023
0.0010252326211131148 0.27635
0.0010233857745298469 0.27738
0.000987895629166971 0.30065
0.0010060051231928176 0.28788
0.0009539636683190434 0.33533
0.0010355049147704881 0.27081
0.000992509976828894 0.29717
0.0009968516181242117 0.29405
0.001000584192847171 0.29147
0.0009923158904425343 0.29730999999999996
0.0009503064669153399 0.34110999999999997
0.001005622831398585 0.28812
0.0009731291342270812 0.31323
0.0009920561034335261 0.29751
0.0009576071859695127 0.33029000000000003
0.0009883277577900469 0.30032
0.0010011098498907138 0.29111
0.0009764638753216106 0.31016
0.0009858295320373362 0.30227
0.0009938285019790052 0.29621
0.000972209579055541 0.3141
0.000996068774745976 0.2946
0.0010323664218716679 0.27246
0.001066897669651379 0.25584
0.0010337927529318514 0.27171
0.0010259161699302962 0.27597
0.0010343185236855884 0.27143
0.000984018404927332 0.30372
0.000994315360164448 0.29586
0.0009653855962879482 0.32105
0.0009672381285688895 0.31908000000000003
0.0009886301522908415 0.30009
0.000982709152138763 0.30479
0.0009828633640249682 0.30467
0.0010310835891299145 0.27315
0.0009649292526560753 0.32155
0.0010325462315202252 0.27236
0.0009656665023812529 0.32075
0.0009466163519548894 0.34805
0.0009777239865111041 0.30904
0.0009561792471787453 0.3322
0.0009579397884762289 0.32985
0.0010153648457399992 0.28205
0.0010102377947871148 0.28519
0.0009973286451705782 0.29370999999999997
0.0009830984061920582 0.30446999999999996
0.0010032699124262732 0.28967
0.0010075127572299835 0.28691
0.0010251599644337775 0.27639
0.0009757477319000794 0.3108
0.0009999339312327968 0.29191
0.0010083144116574947 0.2864
0.0010062919837533462 0.28769
0.0010158506780903321 0.28176
0.00099862968338434 0.29281
0.0010536473494179872 0.26184
0.0010093640665154945 0.28573000000000004
0.0009836492576556764 0.30401999999999996
0.001018185732721219 0.28038
0.0010204171954854547 0.27908
0.001040546684581141 0.26821999999999996
0.0009882668420172003 0.30036999999999997
0.0010418495726060328 0.26755999999999996
0.0009992733018799988 0.29236
0.0010313905841008405 0.27298
0.0010094382912678107 0.28569
0.0009726227731457089 0.31371
0.0009583488217130334 0.32933
0.0009716795497140586 0.31461
0.0009911233667131143 0.2982
0.0009913567913761821 0.29803
0.0009856177367448095 0.30244
0.0009527427984236794 0.33716999999999997
0.0009781848338184802 0.30863
0.0010112058427517944 0.28458
0.0009745029623772507 0.31194
0.0010050139296590207 0.28852
0.0009899202942487135 0.2991
0.000969520684236728 0.31674
0.0009713206224515492 0.31496
0.0010127103795488043 0.28365999999999997
0.0010251621345129594 0.27639
0.000974114977743217 0.3123
0.0010056009539330744 0.28814
0.0010410450237372084 0.26797
0.0010359924933710965 0.27055
0.0009982238039608624 0.29309
0.0009900078195227166 0.29904000000000003
0.0010249633555606086 0.2765
0.0009814503582959682 0.30584
0.0010355746206232915 0.27076999999999996
0.0009526537313898002 0.3373
0.001005434538217719 0.28825
0.0010158097503142611 0.28178000000000003
0.000990050798781056 0.29901
0.001040711619056757 0.26814
0.0009923560290134707 0.29729
0.0009859655254829327 0.30216
0.0010149411245291846 0.2823
0.0009973123289793546 0.29373
0.001001010683700011 0.29118
0.0009849261334868463 0.30299
0.0009733133909779704 0.31305
0.0010045219088427992 0.28884
0.0010440600102613394 0.26646
0.001018974209358873 0.27992
0.0010111701086183734 0.28461
0.001008179507574356 0.28648
0.0009566899016187485 0.3315
0.0010053586596868887 0.2883
0.0009904107468040053 0.29873
0.0009764467242532236 0.31017
0.0010174248333430537 0.28081999999999996
0.0010315430690956962 0.2729
0.0009650593831664556 0.32141
0.0009937929037339653 0.29623
0.0009938111864537253 0.29622
0.0010432149095179132 0.26688
0.0009921744360883431 0.29741999999999996
0.0009939311864195096 0.29613
0.0009631121646885224 0.32358000000000003
0.0009561589712414442 0.33221999999999996
0.0010340745841186717 0.27155999999999997
0.0009676218985956499 0.31868
0.0009990842899755238 0.29249
0.0010239587500503393 0.27706
0.0009700765090647349 0.31618
0.0010330752416048735 0.27208000000000004
0.0010290282625171276 0.27426
0.0010205029164324052 0.27903
0.0010611289550784267 0.2584
0.0010489121827009786 0.26409
0.0010521072329830602 0.26256999999999997
0.0009892935042979812 0.29958
0.0009951646371731977 0.29525
0.0009818063916810168 0.30554000000000003
0.0010259535356640444 0.27594
0.0010369521521547363 0.27005999999999997
0.000963645674125807 0.32297
0.0009792059201648167 0.30775
0.0010230617217140982 0.27757
0.0009745431706779097 0.31190999999999997
0.0009719322475972582 0.31437
0.0009668477438039745 0.31949
0.0009724768951830276 0.31385
0.001000760550780487 0.29135
0.0009717432808009593 0.31455
0.0010134378139227676 0.28321
0.0009608550233431187 0.32621999999999995
0.0009742770912662568 0.31215
0.0009554818104938314 0.33316
0.0010221268154783567 0.2781
0.0009732705233623674 0.31309000000000003
0.000988072738527324 0.30052
0.0009957071505783753 0.29486
0.000955128302790755 0.33366
0.0010084061703338441 0.28634
0.001057216369035772 0.26018
0.001001549034560269 0.29081999999999997
0.0009894713397120218 0.29944
0.00104259841456867 0.26719
0.0010275034931994367 0.27509
0.0009968907626237127 0.29402
0.001023000116350006 0.2776
0.000979445304557729 0.30754000000000004
0.000995261139726089 0.29518
0.0010099345806331664 0.28538
0.0010188746965870156 0.27997
0.0010441564801108032 0.26641
0.0009882415160316106 0.30039
0.0009710765922923784 0.3152
0.0010005279230285338 0.29151
0.0010235264137417018 0.2773
0.0009865457901088155 0.30171
0.0010012648276761626 0.29101
0.0009583164885481555 0.32937
0.0010180487132525622 0.28046
0.0009866045290362537 0.30166
0.00100262475517795 0.2901
0.0009949037863630314 0.29543
0.0010341148172288276 0.27154
0.0010084721246899845 0.2863
0.0010123169176544618 0.2839
0.0009929277478953516 0.29686999999999997
0.0010294198289283111 0.27404
0.0009474455625914072 0.34636
0.0009600688767307219 0.32716999999999996
0.00106111977368504 0.25841
0.0010473249857347318 0.26486
0.0010393105160598304 0.26885
0.001030577848661868 0.27342
0.0009757356534340693 0.31082
0.000959833552449579 0.32746
0.0009727191208271954 0.31361999999999995
0.0010217845502364224 0.27829
0.0010160321682064078 0.28165
0.0009895943267788313 0.29935
0.001026782979547424 0.27549
0.0010209148001300513 0.27879
0.0009554196984145591 0.33325
0.0009614079973343829 0.32556
0.0009846773773064532 0.30319
0.0009923115493444168 0.29732
0.0009906651977037067 0.29854
0.001022001774485919 0.27817
0.0010258177472726995 0.27602
0.0010032051476103324 0.28970999999999997
0.0009717297383866772 0.31456
0.0010063665458772309 0.28764
0.0009990212845664094 0.29254
0.0010312587109112487 0.27305
0.0009857002025729868 0.30236999999999997
0.001061479421174765 0.25824
0.0010520599240915977 0.26259
0.001036752513703676 0.27016
0.0009612963260295023 0.32569000000000004
0.0010299674044106247 0.27375
0.000997295757738984 0.29374
0.0009927438948626403 0.297
0.0010180274114801517 0.28047
0.0010017663347418621 0.29067
0.0010567113751080435 0.26042
0.001018628752149613 0.28012
0.0010327331051091925 0.27226999999999996
0.0010287181496314646 0.27442
0.0009997269341345742 0.29205
0.0009758825064851617 0.31068
0.0010352400380555862 0.27095
0.0010080888294267797 0.28654
0.0009669396287832179 0.31939
0.000984271642980943 0.30351999999999996
0.0010126236545690294 0.28371
0.0009810048772768032 0.30621
0.0009648733606184147 0.32161
0.0010019749079949456 0.29053
0.0009988329985276712 0.29267
0.001092144880953187 0.24541
0.0009913682939611415 0.29802
0.001002397639645142 0.29025
0.0009844199705055486 0.3034
0.0010079638938747042 0.28662
0.0009777357296730034 0.30903
0.0009739544995795192 0.31245
0.0010164215880322511 0.28142
0.000983723465868328 0.30396
0.0009674896122903433 0.31881
0.0010221122248628273 0.27810999999999997
0.001009216718402167 0.28583000000000003
0.0010011909677362224 0.29106
0.001044516687693717 0.26624000000000003
0.0009620961563951338 0.32475
0.0009763770507279463 0.31024
0.0010295782683903906 0.27396
0.0009806581538434438 0.30651
0.0009880704962750596 0.30052
0.0009735217574852454 0.31285999999999997
0.0010070839062797689 0.28718
0.0009658552752123938 0.32054
0.0010736615341210922 0.25292
0.0009623696245260663 0.32443
0.0009983922937125745 0.29297
0.00099801659203495 0.29323
0.0009736019400878985 0.31278
0.0009828488476499792 0.30468
0.0010007990947773907 0.29131999999999997
0.00100311905264142 0.28976999999999997
0.0009889674428527314 0.29983000000000004
0.0009743870413183096 0.31205
0.0009942158483323442 0.29593
0.0009874444590670193 0.301
0.0010114573377502923 0.28443
0.0009995644896302906 0.29216
0.0010543055476280327 0.26153000000000004
0.0010184957644121645 0.2802
0.0009867923329813576 0.30151
0.0009892973727000012 0.29958
0.0009635539314252698 0.32308000000000003
0.001012963760069072 0.2835
0.0009622454238613634 0.32458000000000004
0.0010319730898512831 0.27266999999999997
0.0010054011769623226 0.28826999999999997
0.0010151707360477483 0.28217
0.0009873676127778565 0.30106
0.000972139940113199 0.31417
0.0010044569391605576 0.28888
0.0009633600019777735 0.3233
0.0010334927474728445 0.27186
0.0010185837091922071 0.28014
0.0010246503914623014 0.27666999999999997
0.0010165958474956148 0.28131999999999996
0.0009946355535998118 0.29563
0.0010455318778375578 0.26574000000000003
0.0009629482684527645 0.32377
0.0009828120510310555 0.30471
0.0009867399067552435 0.30155
0.0010177768840520358 0.28062
0.0010832812175317114 0.24894000000000002
0.0010167480005694731 0.28123000000000004
0.000993955098827624 0.29612
0.0009767534799628647 0.3099
0.000987643197234061 0.30085
0.000998005995748433 0.29324
0.000991037081162157 0.29825999999999997
0.0009868591774721772 0.30146
0.000954451470768977 0.33462
0.0009999633254120371 0.29189
0.001005164567662007 0.28841999999999995
0.0009483184202752245 0.34467
0.0010047334419440513 0.2887
0.0010173599711686325 0.28086
0.0010661162999948536 0.25618
0.0010265822380135018 0.2756
0.0010303327456799042 0.27355
0.00098530439091856 0.30269
0.0010279292905140656 0.27486
0.0009519191099676956 0.33845
0.0010170591007603448 0.28104
0.0010095674074080765 0.28561
0.000945834397207727 0.34974
0.0010211421019220373 0.27865999999999996
0.0009827589596472913 0.30475
0.00104132651492115 0.26783
0.0010291252514865205 0.2742
0.0009873760993173773 0.30106
0.0010177610788988593 0.28063
0.00100749329173625 0.28692
0.0009547132090825122 0.33425
0.0010150819219955582 0.28221999999999997
0.0009941939859028923 0.29594000000000004
0.0009613908368684591 0.32558000000000004
0.0009581679281525896 0.32955999999999996
0.0009982860675284268 0.29305
0.0010373814934684178 0.26983
0.0009778185289257841 0.30895
0.0010222883044411052 0.27801
0.0009914369390199987 0.29796999999999996
0.000959475669441351 0.3279
0.000961832897936057 0.32506
0.000950649240564011 0.34053
0.0009658577510874211 0.32054
0.0009714217967079006 0.31486
0.0010568434494049215 0.26036
0.000977306642844617 0.30941
0.0009777315682557883 0.30903
0.001064671254680023 0.25682
0.0009938848137106564 0.29617
0.0010239908369997549 0.27704
0.0010110001770965759 0.28471
0.000967117927871721 0.3192
0.001030679891062663 0.27336
0.0009767220655011774 0.30993000000000004
0.001023894411694615 0.2771
0.0010110302142552798 0.28469
0.0009875332755625691 0.30093000000000003
0.000984263050437208 0.30353
0.0009832456954768057 0.30435
0.001007899341818995 0.28665999999999997
0.0009968275619337854 0.29407
0.0009794593901496342 0.30753
0.001004336630767618 0.28896
0.0010466341632241205 0.2652
0.000984751738511003 0.30313
0.0009880766499700622 0.30051
0.0009437004284365078 0.35497
0.0010245530594828179 0.27673000000000003
0.0009724688255182364 0.31385
0.0009891825808490736 0.29966
0.0010109272383031862 0.28476
0.000994227888832306 0.29591999999999996
0.0009862407190016091 0.30195
0.0010572433910887907 0.26016999999999996
0.0010258047275494102 0.27603
0.001043357418839578 0.26681
0.000961035143862191 0.326
0.0010517081079451328 0.26276
0.0009724441887479907 0.31388
0.0010423395688169408 0.26732
0.000970278555916509 0.31598000000000004
0.0010545824214262766 0.2614
0.0010848780787367821 0.24829
0.0010043828260509777 0.28893
0.0009815509113751419 0.30575
0.00100929229320461 0.28578000000000003
0.0010264736709029545 0.27566
0.0009811322597594926 0.30611
0.0010657104292171096 0.25636
0.0009830261987149769 0.30453
0.0010323653627692783 0.27246
0.0010602180328600295 0.25881
0.0010233660583098337 0.27739
0.0009763415626220369 0.31027
0.0010579550501937445 0.25984
0.0010522130330828923 0.26252
0.0009627790688111277 0.32395999999999997
0.0009958580932495024 0.29475
0.0010273969529496114 0.27515
0.0010198827111477097 0.27939
0.0010179382570491811 0.28052
0.0009783951266328344 0.30845
0.0009854437902194187 0.30258
0.0010099760529025156 0.28535
0.000992040156565496 0.29752
0.0009560646870710735 0.33235
0.0010280655514135575 0.27478
0.0009867143881201507 0.30157
0.0010073153358457886 0.28703
0.0010194103484747244 0.27965999999999996
0.000953558926937264 0.33593
0.0009692816065794147 0.31698000000000004
0.0009620259177019977 0.32483
0.0009628833568472999 0.32384
0.0009744051796919055 0.31203000000000003
0.0009641101932387348 0.32245
0.0010512850603497513 0.26295999999999997
0.000995202009297271 0.29522
0.0010357645076263873 0.27066999999999997
0.0009537252755542072 0.33568000000000003
0.0010350138816353771 0.27105999999999997
0.0010018932445284541 0.29058
0.001033588883333853 0.27181
0.0010151003838323683 0.28221
0.0009663852996671569 0.31998000000000004
0.0010543694405405156 0.2615
0.0009631692829167757 0.32350999999999996
0.0010317505520465679 0.27279000000000003
0.0009659648409051943 0.32043
0.0009626449394609174 0.32411
0.0010193747515453394 0.27968000000000004
0.0009862215668217506 0.30196
0.0010344301371016426 0.27137
0.0009967532943287018 0.29412
0.0009979922475280966 0.29325
0.0010045920813772768 0.2888
0.0010356011876475819 0.27076
0.00099938545433876 0.29229
0.000961347764574506 0.32563000000000003
0.0010018618586352787 0.29061
0.0009603161599412074 0.32687
0.0009638980786179097 0.32269000000000003
0.0009761828344676292 0.31040999999999996
0.0010421030987881196 0.26744
0.000994802879748526 0.29551
0.0010527667278652237 0.26226
0.0009788795649525689 0.30803
0.0010403024721097576 0.26834
0.0010152832578297032 0.2821
0.000967312619459446 0.319
0.0010227368864594412 0.27775
0.0009932692194213333 0.29662
0.0009852852212592833 0.3027
0.0009959756321883673 0.29467
0.0009973313088083894 0.29370999999999997
0.0009995080397548497 0.2922
0.0010040279105968989 0.28917
0.0010172731881120806 0.28091
0.0009998358562840592 0.29198
0.0010158551107204575 0.28176
0.0010083080833562597 0.2864
0.001011332224584773 0.28451
0.0010337072539547186 0.27175
0.0009835430827820793 0.30411
0.0009760853423541197 0.3105
0.0009899047901926143 0.29912
0.0009631407275616635 0.32355
0.000992440586357423 0.29722
0.0010209696197208203 0.27876
0.0009571639953179996 0.33087
0.0009726210471941128 0.31371
0.0009888433652957597 0.29991999999999996
0.0010225840759339132 0.27784000000000003
0.0009776894992428566 0.30906999999999996
0.00095256007929775 0.33745
0.0010536575090949476 0.26184
0.000959426058529291 0.32797
0.00100494585935351 0.28856
0.0009820661076446475 0.30532
0.000978450350129732 0.3084
0.0009675381340278964 0.31876
0.000982684473643454 0.30480999999999997
0.0009997708768283793 0.29202
0.0010905020028300037 0.24606
0.0010790372279200766 0.25068
