0.0009940630583628609 0.2983
0.0010095907983362162 0.28193
0.0009860508132291963 0.3099
0.0009935109711942107 0.299
0.0010160320562000401 0.27639
0.0009963950091800044 0.29546
0.0009943505701754888 0.29794
0.0009946595194154102 0.29756
0.0009851235615089939 0.31151
0.0009965529794180232 0.29528000000000004
0.0009996432760264622 0.29178000000000004
0.0009906576816040478 0.30282
0.0010094723583372364 0.28204
0.0010063201452017452 0.28497
0.0010024647756544027 0.28879
0.000988507572881887 0.30595
0.0009948851929985842 0.29728000000000004
0.000991276564965297 0.30196
0.0009985334511809203 0.29301
0.0009935511092349413 0.29895
0.001010740461113294 0.2809
0.0009960235900215344 0.2959
0.0010046680823807823 0.28657
0.0009802996226180212 0.32173
0.0010103887323788144 0.28121999999999997
0.000999079076617548 0.2924
0.0009980989641605034 0.29349000000000003
0.0010008059873920748 0.29053
0.0009843707026161899 0.31289
0.001005431318833414 0.28583000000000003
0.0009920915864633174 0.30086
0.000980755497205518 0.32056999999999997
0.000997775523608755 0.29386
0.0009907571762385037 0.30268
0.0009920857440975232 0.30086
0.0009959955955021907 0.29594000000000004
0.0009995448311106486 0.29189
0.0010284515142465235 0.26694
0.0009944610025862412 0.2978
0.001011506111331097 0.28023000000000003
0.0010109498169462447 0.28071999999999997
0.0009900941121779852 0.30361
0.0010080317727780863 0.28336
0.0010053868040896714 0.28586999999999996
0.0010282867922151637 0.26705999999999996
0.000989995994671255 0.30375
0.0010235107083230827 0.27053
0.0010494779917631719 0.2535
0.0009832741781248243 0.315
0.000998678159929188 0.29284
0.0010021961193441644 0.28907
0.0010075745110149877 0.28379
0.0010114664440238662 0.28026
0.0009956947657042082 0.2963
0.0009873137580325064 0.30782
0.0010070459976795154 0.28428000000000003
0.0010008439774623849 0.29049
0.0009910987571872204 0.3022
0.0010162030767328367 0.27625
0.0009932251838245612 0.29936999999999997
0.0010025088735060926 0.28875
0.000989253831647399 0.30484
0.0010077427496132786 0.28363
0.0010333696756705025 0.26356
0.0009895818458784407 0.30435
0.0010159532472980217 0.27645
0.0009785944605653538 0.32669000000000004
0.0009983071459086516 0.29325999999999997
0.0010009677733583064 0.29035
0.0009979464764605774 0.29367
0.0009839685549682584 0.31365
0.001005111100426879 0.28614
0.0009861213974709543 0.30978
0.0010350492376315764 0.26244
0.00102638604086724 0.26842
0.0010120217326732301 0.27978000000000003
0.0009989750191100048 0.29251
0.0009968734590693276 0.2949
0.0010117612003549125 0.28
0.00100858498455049 0.28285
0.0010402876804035009 0.25906
0.0010100685581450161 0.2815
0.0009922679154974153 0.30062
0.000979627749603788 0.32354
0.0010142454826559514 0.27787
0.0009948320789794401 0.29735
0.0010077463513027797 0.28363
0.0009997666614761382 0.29164
0.0010061353088397882 0.28515
0.0010095755299254702 0.28195
0.000991275315426635 0.30196
0.000986777405078956 0.30868
0.0009925367957046582 0.30027
0.0010239746528714695 0.27019
0.0009839668773521726 0.31365
0.0010072928806221615 0.28405
0.000997663624587308 0.29399000000000003
0.0010285022355441607 0.26691
0.0009998562504217622 0.29155
0.0009940755328953998 0.29829
0.0010000997189824779 0.29128000000000004
0.0009811777083759204 0.31955
0.0009799874773952803 0.32255
0.0010122938972087667 0.27954
0.0009959117008583806 0.29604
0.0009863100495611245 0.30946
0.0009764814082193884 0.3361
0.0010094905260340935 0.28202
0.0010050776220423647 0.28617
0.0009842979683186031 0.31301999999999996
0.0010033554915921232 0.28788
0.0009854613690064087 0.31092
0.0010010136220049508 0.29031
0.0009979628926041501 0.29365
0.0009874620514078445 0.30758
0.0010255241888744897 0.26905
0.0010018521642530317 0.28941999999999996
0.0009852580455009783 0.31127
0.0009856487004644562 0.31059000000000003
0.0010093750459876443 0.28213
0.0009870884594436388 0.30818
0.0009922202212645358 0.30068
0.000985332797146601 0.31114
0.0010224835251702027 0.2713
0.0009805617447756988 0.32106
0.001006884858758566 0.28444
0.0010051631232088 0.28609
0.0009988902078345103 0.29261
0.0009797864736220709 0.3231
0.000992799226881911 0.29991999999999996
0.0009928223917855035 0.29989
0.0009995557264204512 0.29186999999999996
0.0009825817088611227 0.31642
0.0009958243561911182 0.29614
0.0009825512736558837 0.31649
0.001006346829326425 0.28495
0.000995194121763589 0.2969
0.0010339151505785768 0.26319000000000004
0.0010033130935376785 0.28793
0.0009953943945064415 0.29666
0.0009796568962163576 0.32345999999999997
0.001017347672347214 0.27531
0.0010049024208349246 0.28634
0.0010182021245534285 0.27463000000000004
0.001012488285308914 0.27937
0.0009947433107367245 0.29745
0.0009957929537356511 0.29618
0.0010059052280308096 0.28536999999999996
0.0010087588768799265 0.28269
0.0010108847730652605 0.28076999999999996
0.001009584660032044 0.28194
0.0009917035227142885 0.30138000000000004
0.0009845011117206 0.31264000000000003
0.0009906235338035091 0.30286
0.0010064449273061511 0.28485
0.0009968306570144446 0.29495
0.0010123190769958219 0.27952
0.0010039293898552952 0.28731
0.0009875389398385165 0.30746
0.0009928594819073949 0.29984
0.0009895482723234804 0.3044
0.0010045471679502112 0.28669
0.0009819119493132836 0.31787
0.0009888420604094869 0.30545
0.0010077563483704066 0.28362
0.001005949550917 0.28533000000000003
0.0009879755797585004 0.30677
0.0010132698579973 0.2787
0.0009815556353349746 0.31867
0.0010269468509191218 0.26802
0.0009938105757200991 0.29862
0.0010053125726585974 0.28594
0.0009924541407412171 0.30036999999999997
0.0009900273565560543 0.30371
0.0009854037021620528 0.31101999999999996
0.0009782866692957175 0.32774000000000003
0.000994294454116485 0.29801
0.0009801778332639295 0.32205
0.001030550397760599 0.26548
0.0010558936355062928 0.24986
0.0009999446194036035 0.29145
0.000976381561909281 0.3368
0.0009787140551221327 0.3263
0.0010109658603705018 0.2807
0.0010001504963965532 0.29123000000000004
0.0009855438063290697 0.31077
0.0009928277746031689 0.29988000000000004
0.000981266803269389 0.31934
0.0010141636660265967 0.27794
0.0010151246497927806 0.27714
0.0009804487880731418 0.32134
0.0009895080895412655 0.30446
0.001002087880972395 0.28918
0.0009889287953792317 0.30532
0.0009940987484175362 0.29825999999999997
0.0010026664990830149 0.28858
0.0009944682654941678 0.2978
0.0009911832497744293 0.30209
0.0009842862401726084 0.31304
0.0009931109999540841 0.29952
0.0009796313852285677 0.32353000000000004
0.0010085798184256926 0.28285
0.0010351574272806276 0.26236
0.0010373444048818305 0.26094
0.0009814024476962318 0.31903000000000004
0.000979785993409443 0.3231
0.0010014434724046639 0.28985
0.0010076234322262047 0.28374
0.0009974253325784309 0.29425999999999997
0.0010008618869477934 0.29047
0.0010107187975140048 0.28092
0.0009999877884903255 0.2914
0.0009947046376004459 0.2975
0.0009982806686185466 0.29329
0.0009993377517850948 0.29211
0.0010047829946274603 0.28646
0.0009977644529350833 0.29386999999999996
0.0010342533275724036 0.26295999999999997
0.000991594138505518 0.30153
0.0010036126083910152 0.28762
0.0010001684775441699 0.29120999999999997
0.0010029759120418814 0.28826999999999997
0.0009852066200937083 0.31137
0.0010085649143926295 0.28286999999999995
0.0010015102407286266 0.28978000000000004
0.0010098570331083978 0.28169
0.001002954261523789 0.28829
0.000985219529528643 0.31134
0.0010255931220417207 0.269
0.0009833455322613644 0.31486
0.0009872583578372544 0.3079
0.001045338142965853 0.25595
0.0010020475950572665 0.28922
0.000991602850961709 0.30151
0.0009918101784508356 0.30123
0.0009835796030249295 0.3144
0.0009963677240786054 0.29549000000000003
0.0009931698786101726 0.29944
0.0009850935566561691 0.31156999999999996
0.0009800119487123032 0.32249
0.0009781102919180665 0.32837
0.0009929042514501 0.29978
0.000991847699873054 0.30118
0.0009995751669746255 0.29185
0.000987481743917243 0.30755
0.0009962517823986193 0.29563
0.0010137312230853567 0.27831
0.0010112944583262498 0.28041
0.0010146757927933761 0.27751
0.0010141876383623185 0.27792
0.0009919028136090558 0.30111
0.000989110303998489 0.30505
0.0009853798183613875 0.31106
0.0010025410875645051 0.28870999999999997
0.0009902655486549213 0.30337
0.0009988798115060094 0.29262
0.0009928611568693249 0.29984
0.00099398978640913 0.29839
0.0010156837010872402 0.27666999999999997
0.0010019672067429293 0.28931
0.0009850547011414662 0.31164000000000003
0.0010019785437800997 0.28929
0.0010278600234799858 0.26736
0.001003258570161773 0.28798
0.0009780791453990571 0.32848
0.0009932968073579208 0.29928
0.001006401485220541 0.28489000000000003
0.001001323399910248 0.28998
0.0010074786152262946 0.28388
0.0010134718085458207 0.27853
0.0010085540304577804 0.28288
0.0010093741126726947 0.28213
0.0009854730245422824 0.3109
0.001003696247856698 0.28754
0.000993111955639776 0.29951
0.0009890097480808543 0.3052
0.0009957652301297874 0.29621
0.0010182043889275416 0.27463000000000004
0.0009963890206460555 0.29546999999999995
0.0009994189287628875 0.29202
0.0010099305179633452 0.28163
0.0010030913795758814 0.28815
0.0010023123912769726 0.28895
0.0009823104402927711 0.317
0.0010121959745929099 0.27962
0.0009904949892435902 0.30305
0.001001904792940819 0.28936999999999996
0.0009836710834357683 0.31422
0.0010170722923018537 0.27554
0.0010056546569490142 0.28561
0.0009770124843319255 0.33302
0.0009907133671210547 0.30274
0.000985012843586904 0.31171
0.0010230517401273492 0.27088
0.0010250722242377392 0.26938
0.0010006169542409562 0.29073000000000004
0.0009964307646406635 0.29541999999999996
0.0010016404020486292 0.28965
0.0009991729575227792 0.29229
0.0009837931038910023 0.31398000000000004
0.0010310684140992304 0.26511999999999997
0.000993746382875233 0.2987
0.0009903780223011122 0.30321
0.0009858378689775237 0.31026
0.0010010264104862113 0.29029
0.0010056096837946385 0.28565999999999997
0.0010032308770787017 0.28801
0.0009792482944197063 0.32464
0.001006731184461388 0.28458
0.0009904760929809494 0.30307
0.0009925026132105112 0.30030999999999997
0.0009874336908045748 0.30762
0.0010018077971941043 0.28947
0.0010028360385968419 0.28841
0.0010157276611124084 0.27664
0.0010040894832284185 0.28715
0.00100388809460261 0.28735
0.0009985058248309108 0.29304
0.0009996619313296672 0.29175999999999996
0.0009955727808904956 0.29644000000000004
0.000985688643045566 0.31051999999999996
0.0009794253899360998 0.32411999999999996
0.0010097377938293392 0.2818
0.0009849252721788986 0.31187
0.0010024478800565323 0.28881
0.0010213731287332382 0.27215
0.0010103445679836452 0.28126
0.0009900111404220837 0.30373
0.00099703165756475 0.29472
0.0009774263472342372 0.33108000000000004
0.000998856334928686 0.29265
0.0009944098427841397 0.29786999999999997
0.0009987804061649397 0.29273000000000005
0.0010274907998771593 0.26763000000000003
0.0010214465775674989 0.27209
0.0009908121720541524 0.3026
0.001000518754644977 0.29083000000000003
0.0010133247849944788 0.27865
0.0010019990941505883 0.28926999999999997
0.0010186995249260049 0.27423000000000003
0.0010014743554039131 0.28981999999999997
0.000991598119360142 0.30151999999999995
0.0009951351016789102 0.29696999999999996
0.0010183149821043058 0.27454
0.0009958232624893218 0.29614
0.0010512644183807754 0.25246999999999997
0.000995978892899368 0.29596
0.0010152143816836558 0.27706
0.0009821629162434671 0.31732
0.0009844568885548368 0.31273
0.0009820863186324445 0.31749
0.0009885941182690703 0.30582
0.000986962202197323 0.30838000000000004
0.0009901552309416186 0.30353
0.0010124191316571642 0.27943
0.0010002359313986745 0.29114
0.0009793002161541224 0.32449
0.0010051285384204572 0.28612
0.0009816374349018988 0.31849
0.0009901974132511086 0.30346999999999996
0.0010051025273138709 0.28615
0.0010470528950523878 0.25493000000000005
0.0009785269356173886 0.32691
0.0010165673799098652 0.27595
0.0010072480938274435 0.28409
0.0009970262719033467 0.29472
0.0010035430141493926 0.28769
0.0009975482831257115 0.29412
0.0009810852563544544 0.31977
0.0009987531072240137 0.29275999999999996
0.0009913121759640442 0.30191
0.0009993382079207375 0.29211
0.00100216271717184 0.2891
0.0009972092332937717 0.29451
0.0009952257155078606 0.29686
0.000990805831465387 0.30261
0.0009876457117891735 0.30729
0.0009923237420638477 0.30055
0.0009776120494197525 0.36022
0.001007854617922351 0.28353
0.0010027914614804364 0.28846
0.001019459624355993 0.27363000000000004
0.0010097179504122218 0.28181999999999996
0.0010168899986212098 0.27569
0.0009844920946052332 0.31266
0.0010123352064905617 0.2795
0.0009829834153504337 0.31559
0.00101930502148343 0.27376
0.000978773174927239 0.32611
0.0010148119997116785 0.2774
0.0009951542771966637 0.29695
0.0010012225137397913 0.29008
0.00102815102114717 0.26716
0.0009797475775367 0.32321
0.0010131691140137645 0.27879
0.0010091981078247769 0.28229
0.0009997682399405445 0.29164
0.0010269051916679188 0.26805
0.00099579822432044 0.29617
0.0009978639780923316 0.29375999999999997
0.0009836388686190257 0.31428
0.0009884468763186175 0.30605
0.0009924215878987673 0.30041999999999996
0.0010197888346634145 0.27338
0.0009914113367436095 0.30177
0.0010226442202783763 0.27118000000000003
0.0009765008184403529 0.33597
0.0009917913415275366 0.30126
0.0009937872443630178 0.29865
0.0010226534106722042 0.27118000000000003
0.0009968272204513545 0.29496
0.0010038273119688575 0.28741
0.0010176005686591246 0.27510999999999997
0.0009873215929110206 0.3078
0.0009954166063784982 0.29663
0.0009925238656052244 0.30028
0.0010024573352971989 0.2888
0.001004125177643493 0.28711
0.000985050907594413 0.31164000000000003
0.000990633824724106 0.30285
0.0009959577269543023 0.29598
0.001008594879622699 0.28284000000000004
0.0010065769105145686 0.28473000000000004
0.0009797576741351717 0.32318
0.0010045432746827307 0.2867
0.0009918746693194883 0.30115
0.000979308034349371 0.32447
0.0010060512014843442 0.28523000000000004
0.0010234175851793494 0.2706
0.000991168637129763 0.30211
0.0009944523341132046 0.29782
0.000981670914234326 0.31840999999999997
0.001002248165634323 0.28901
0.0010052546549965129 0.286
0.001039220823687166 0.25973
0.0010074257271895635 0.28393
0.0010258637295356807 0.2688
0.000992188993983355 0.30073
0.0010052571019386327 0.286
0.0009995750797666472 0.29185
0.0010038988596691928 0.28734
0.0010180966042268415 0.27471
0.0010302620661929757 0.26568
0.0010089753401631037 0.28249
0.000984984699107754 0.31176
0.0009887160008977824 0.30564
0.0009806258079460932 0.3209
0.000999167668738064 0.2923
0.001021580655094472 0.27199
0.001022160688628495 0.27155
0.001003750700518308 0.28749
0.0009977731597037975 0.29386
0.001009819670177201 0.28173000000000004
0.0009923138229146536 0.30056
0.001016081355628467 0.27635
0.0010003753699413182 0.29099
0.0010146727841181269 0.27751
0.0009876327568544242 0.30730999999999997
0.0010093416523465348 0.28215999999999997
0.0010270888924303332 0.26791
0.0010278329848359164 0.26738
0.0010109119436587928 0.28075
0.0010001085355194948 0.29127
0.0009938169085359795 0.29861
0.0009911689199869447 0.30211
0.00099669858963137 0.29511
0.0010148510135278201 0.27736
0.0009844943419169156 0.31266
0.0010062051702032398 0.28508
0.0009970891589035301 0.29465
0.0010149790422335897 0.27726
0.001009055785541792 0.28242
0.0009961558555183858 0.29575
0.0009994282114834231 0.29201
0.0009964126361873965 0.29544000000000004
0.0009862226028984444 0.30961
0.0010395433737696235 0.25953000000000004
0.0009808871150883394 0.32025
0.0010155795613008653 0.27676
0.0009871901018589327 0.30801
0.0009937417917543438 0.29871
0.0010100459053039219 0.28152
0.0010154347027823744 0.27688
0.001005632345166948 0.28563
0.0009888548820676955 0.30543000000000003
0.0010018152273138501 0.28946
0.0009958127641654026 0.29615
0.000986277076982884 0.30951999999999996
0.0010006684025877161 0.29067
0.0010021226088955714 0.28914
0.0010022658254394982 0.289
0.0010119919957005648 0.2798
0.0010069493299106323 0.28436999999999996
0.000997874239058884 0.29375
0.0009812639091020068 0.31935
0.0009901612412775622 0.30351999999999996
0.0010225895801196127 0.27121999999999996
0.0009887949356826215 0.30551999999999996
0.0009922269630100009 0.30068
0.0009968509133423805 0.29493
0.0010111861234569565 0.28051
0.000992390356257188 0.30046
0.000992922432228154 0.29975999999999997
0.0010125126205056583 0.27935
0.0010072208692028814 0.28412
0.0010048472997052028 0.2864
0.000985359648672682 0.31109000000000003
0.0010287472763130575 0.26673
0.0009854349385431964 0.31096
0.0009943010332001128 0.298
0.0009789112329296706 0.32566999999999996
0.0009910159602264405 0.30232
0.0010132285633133625 0.27874
0.0010051084030461956 0.28614
0.0010100204856949267 0.28155
0.0010074532968543874 0.2839
0.0009876683422595255 0.30725
0.0010178423808370012 0.27492
0.00099342564577081 0.29911
0.0010128231076393173 0.27908
0.0009936164534147028 0.29886999999999997
0.000996044005219657 0.29588000000000003
0.001011177586364635 0.28052
0.0009985578430628502 0.29298
0.0009848473910939353 0.31201
0.000997163915478299 0.29456
0.00097823572296358 0.32792
0.0009898140987348249 0.30401999999999996
0.0009847930868754707 0.31211
0.0009885881138101862 0.30583
0.0009840735215241837 0.31345
0.00098222796296819 0.31718
0.0009838752602523075 0.31382
0.0009882047814731417 0.30641999999999997
0.000985734848486591 0.31044
0.000996644369018815 0.29517
0.0010186569594701584 0.27426999999999996
0.00098506820112608 0.31161
0.0009917309427984714 0.30134
0.001019670555240864 0.27347
0.0010195701794266626 0.27355
0.0009918873374158224 0.30113
0.0009809645199419085 0.32006
0.0009945498919722135 0.29769
0.0010190024934048623 0.27399
0.0009919503506779918 0.30104000000000003
0.0009859059440940818 0.31015
0.0010192136341576285 0.27383
0.001014424852973499 0.27771999999999997
0.000994026367122679 0.29835
0.001006001969168144 0.28528000000000003
0.001023568060649969 0.27049
0.0009944781675809311 0.29778000000000004
0.0009964118118824196 0.29544000000000004
0.0009882143004135487 0.3064
0.0009773417763494305 0.33146
0.0010037686134162027 0.28747
0.0009963952867288743 0.29546
0.001007319990549274 0.28402
0.0009834795502594127 0.3146
0.0010230802561883197 0.27085
0.0010168873023780219 0.27569
0.0009998800208520558 0.29152
0.0009927294542430981 0.30001
0.000987513823751202 0.3075
0.0009872135545488535 0.30798000000000003
0.0009955737157221057 0.29644000000000004
0.000985617657647108 0.31064
0.0010082338575510604 0.28317
0.0009981992453730066 0.29338000000000003
0.0010150089621534268 0.27723000000000003
0.0010162811661690349 0.27618000000000004
0.00098574901504349 0.31042
0.0009949855337400117 0.29716
0.0010327449802766692 0.26398
0.0009962612725224768 0.29562
0.000985838741057306 0.31026
0.0010011158363908324 0.2902
0.0009963529895323522 0.29551
0.0010165885519215726 0.27593
0.000987290964331569 0.30785
0.0010259826266182162 0.26871
0.0009924550797436437 0.30036999999999997
0.0010087595745437523 0.28269
0.0010228584260124122 0.27102
0.0009941143218666233 0.29824
0.000981827641758655 0.31806
0.0009960020079427467 0.29593
0.000989443008881264 0.30456
0.0009803111103733283 0.3217
0.0010160569821360457 0.27637
0.0009820636678767583 0.31754
0.0010646451373631472 0.24516
0.0009851490903175443 0.31146999999999997
0.0010127633172806914 0.27913000000000004
0.000995193100861496 0.2969
0.00097728071995846 0.33173
0.0009919547173331282 0.30104000000000003
0.000999119810137104 0.29235
0.0009925733421037636 0.30022
0.0009866123021762302 0.30896
0.0009820633620800869 0.31754
0.0009850588509141525 0.31163
0.0009811003097785758 0.31974
0.0009963152360610787 0.29556
0.0010091689426331165 0.28231999999999996
0.0010002827677704636 0.29109
0.0010153301243019522 0.27697
0.0010209298274507952 0.27249
0.0009935021004365812 0.29901
0.0010075517199682063 0.28381
0.000996353915832747 0.29551
0.001008723265122849 0.28271999999999997
0.0009882235012344176 0.30639
0.0009855612807224997 0.31074
0.0009870842349754235 0.30818
0.0009881053389738902 0.30657
0.000983757203778849 0.31405
0.0009890507739367198 0.30514
0.0010144384735326214 0.27771
0.001002365375052897 0.28889000000000004
0.0009804139788190465 0.32143
0.001018356691594888 0.27451
0.0009898464805738042 0.30396999999999996
0.0009896898956155615 0.3042
0.0010166231554785887 0.2759
0.0009835480547804726 0.31446
0.0009851666075566335 0.31144
0.0010159159653185784 0.27648
0.0010235030764874917 0.27054
0.0010206533938951414 0.2727
0.000984106907392408 0.31338
0.0009867277158687828 0.30877
0.0010053931492284183 0.28586999999999996
0.0009951503041149246 0.29696
0.0009931192856599293 0.29951
0.001021101388104309 0.27236
0.0010307148737137939 0.26536
0.0009891906088964992 0.30493000000000003
0.0009958714210098942 0.29608
0.0009862248490726316 0.3096
0.0009989005582840315 0.2926
0.0009838833305923628 0.31381
0.0010194413777927904 0.27365
0.0009786053363481527 0.32665
0.0010165866420668492 0.27593
0.000997318686700177 0.29439
0.00100385880731978 0.28738
0.0009776791170945794 0.33002
0.0009941259436568011 0.29822
0.0009858883531073763 0.31018
0.001012141386000603 0.27967
0.0010043707391956863 0.28686999999999996
0.0010083779211498714 0.28304
0.0009936474128157242 0.29883000000000004
0.0010106735054817605 0.28096
0.0009856855153124683 0.31051999999999996
0.0010175132359355635 0.27518000000000004
0.001010720631346121 0.28092
0.0010224012292761328 0.27137
0.00099460882750307 0.29762
0.0010027907090272505 0.28846
0.0010065761224198608 0.28473000000000004
0.0010136949957537022 0.27834000000000003
0.0010024273294964611 0.28883000000000003
0.0009944760797081828 0.29779
0.0009881472279991577 0.30651
0.0009767860768746563 0.33421999999999996
0.0009950730848626833 0.29705
0.0010003433111510235 0.29102
0.0009915729168231795 0.30155
0.0010475108446210187 0.25465
0.0009758884802274528 0.34210999999999997
0.0009943712337267664 0.29791999999999996
0.0010005375310914387 0.29081
0.000980285153487354 0.32177
0.0009994328592894978 0.29201
0.001015944230940985 0.27646
0.0010105811837035146 0.28104
0.0009788904311727057 0.32574000000000003
0.001037543431119342 0.26081
0.0009930399478225646 0.29961
0.0009994219410402053 0.29202
0.0009799286300203147 0.32271
0.000994164057524524 0.29818
0.00100381115820755 0.28743
0.001003707155868532 0.28753
0.0010304934388175274 0.26552
0.0009795426586940157 0.32379
0.0009846575127837583 0.31235999999999997
0.0009807158575773412 0.32066999999999996
0.0009861929364504917 0.30966
0.0009957787242373417 0.2962
0.0010305084880708323 0.26550999999999997
0.0009931866430169102 0.29941999999999996
0.0009874564856430076 0.30759000000000003
0.000986955952987352 0.30839
0.0010048808920288365 0.28636999999999996
0.0009932837525131616 0.29929
0.0010196911814443772 0.27345
0.0009954223693091993 0.29662
0.0010004615492445754 0.29089
0.0010097047131890386 0.28183
0.0010080049747142872 0.28339000000000003
0.0010015344718445444 0.28976
0.000989531251411537 0.30443000000000003
0.0010378403160833873 0.26061999999999996
0.0009813909967199416 0.31905
0.0009938548589835342 0.29856
0.0010068623511377136 0.28446
0.0010059082304498341 0.28536999999999996
0.0010156224829823445 0.27671999999999997
0.0009917984734339133 0.30125
0.0010127835085818088 0.27912
0.0010007039354784483 0.29063
0.0009964053804836074 0.29545
0.0010048856750072776 0.28636
0.0009842365086855241 0.31314000000000003
0.0010105775344287904 0.28105
0.001002385894142263 0.28886999999999996
0.001003766777309096 0.28747
0.0010004538504863405 0.2909
0.0010078040446886943 0.28357
0.001031928171773425 0.26453000000000004
0.0009995728117904656 0.29186
0.0010062916577677418 0.285
0.0009889267399251012 0.30532
0.0009935285676788107 0.29898
0.0009846044317519795 0.31245
0.0010022719254479933 0.28899
0.0009896312950770907 0.30428
0.001026329098986599 0.26846
0.0010012325379177246 0.29007
0.0010046930689832075 0.28655
0.0010421284578768792 0.25791
0.0009905945917505236 0.30291
0.0010144065226148041 0.27774
0.0010005645955187363 0.29078000000000004
0.000981423537239525 0.31898000000000004
0.0010132942328167993 0.27868000000000004
0.0009883276704060898 0.30623
0.0010191158569515962 0.2739
0.001005012706129609 0.28624
0.000993322350574746 0.29924
0.0009897698903565014 0.30408
0.0009988125402195114 0.29269
0.001007472540621863 0.28388
0.0010020949372353295 0.28917
0.0009985685853795257 0.29297
0.0009921162431920855 0.30082
0.0009830429158373232 0.31547
0.0009940084500539676 0.29836999999999997
0.001009048440734199 0.28243
0.0009885567032026689 0.30588000000000004
0.0010192337951255362 0.27381
0.000999658373812903 0.29175999999999996
0.0010061707973682008 0.28512
0.0010012244345903034 0.29008
0.0010098457829000405 0.2817
0.0010025755587928936 0.28868
0.0010295271459812947 0.26619
0.0010163130975598482 0.27616
0.0009834513125056429 0.31465
0.0009795959859935416 0.32363000000000003
0.0009998189508111405 0.29159
0.0009925484937070258 0.30025
0.0010052203392258248 0.28603
0.001003239262125809 0.288
0.000998125575295897 0.29346
0.0009936595345351163 0.29880999999999996
0.0010057977705496106 0.28547
0.0010095151063610893 0.282
0.001006150913569998 0.28513
0.0010056659319926874 0.2856
0.0010169617014000802 0.27563000000000004
0.0010016931348172426 0.28959
0.0009772332977765561 0.33195
0.0009928831205778083 0.29980999999999997
0.0010098558330507844 0.28169
0.000986222495405132 0.30961
0.0009932546682732547 0.29933000000000004
0.0010241242261186795 0.27008000000000004
0.0010031574635067974 0.28808
0.000989403165451834 0.30462
0.001025314204954513 0.2692
0.000999918636355236 0.29148
0.0010025855414522457 0.28867
0.0010026509390942896 0.2886
0.0009942447012065716 0.29807
0.0009960174464090502 0.29591
0.0009805984341200553 0.32097
0.001014358151382598 0.27778
0.0010200005612262955 0.27321
0.0009934467516182033 0.29908
0.0009891635912960943 0.30496999999999996
0.0009774363634497028 0.33104
0.0009895713388337237 0.30437
0.0009860930101365435 0.30983
0.0010094596995304478 0.28205
0.0009898789843143705 0.30391999999999997
0.000982730888534935 0.31611
0.0009990366396986784 0.29245
0.0009888108554990485 0.30549
0.0009966115410920686 0.29521
0.000987881316465243 0.30691999999999997
0.001070425504730519 0.24220999999999998
0.0009889763970958212 0.30525
0.0009860983614835036 0.30982
0.0009845642658426125 0.31253000000000003
0.0010033662380796152 0.28786999999999996
0.001014471080026936 0.27768000000000004
0.0010020212578686742 0.28925
0.000997893211154549 0.29373
0.0010264603494584167 0.26837
0.0009978664257927817 0.29375999999999997
0.000989311219615807 0.30475
0.0010194665551152722 0.27363000000000004
0.0009942036362966984 0.29813
0.0010014936812606377 0.2898
0.0010092770598616294 0.28221999999999997
0.0009869836553599686 0.30835
0.0009897015763659159 0.30418
0.0009913723390419856 0.30183000000000004
0.0009832817202878636 0.31499
0.0009890524519319706 0.30513
0.0010350253769599836 0.26245
0.0010132017015498228 0.27876
0.0009939174526994953 0.29849000000000003
0.0010022152897431887 0.28905
0.0009938737118317684 0.29854
0.0010198128379010935 0.27336
0.0009859334477841744 0.3101
0.000994614575267166 0.29761
0.0009883720031505733 0.30616
0.0010052981683651662 0.28596
0.0009999044449630213 0.29149
0.0009969078677354707 0.29486
0.0009918943077978568 0.30112
0.0009794999671657659 0.32391
0.0009973222032671081 0.29438000000000003
0.0009962634333845115 0.29562
0.0010116435768880243 0.28010999999999997
0.0009859997029081434 0.30998000000000003
0.0009904530943412634 0.3031
0.000995935634708842 0.29601
0.0009927740451990306 0.29995
0.0010237702701682689 0.27034
0.0009973630727173606 0.29433000000000004
0.0009859721601640432 0.31003000000000003
0.0009956579842227268 0.29634
0.0009847575602409632 0.31217
0.0009989590769228357 0.29253
0.000995887404336479 0.29607
0.0009939168606331562 0.29849000000000003
0.00101730212646392 0.27535
0.0009786375231066763 0.32655
0.0009903657555510605 0.30323
0.0009940962019445718 0.29825999999999997
0.0010246388559440169 0.26969
0.001008425690267863 0.283
0.0010289557469850296 0.26659
0.0009839267038595034 0.31373
0.0009854676081685037 0.3109
0.0009872091789833368 0.30798000000000003
0.0010163506345278368 0.27613000000000004
0.0010187010207324142 0.27423000000000003
0.000994714467266671 0.29749000000000003
0.0009931245458176775 0.2995
0.0009971433878577178 0.29459
0.001004698678162451 0.28654
0.000996284562929725 0.29559
0.0009940195721045138 0.29836
0.0010133699577792917 0.27860999999999997
0.0009785581507652853 0.32681
0.001025476387527463 0.26908000000000004
0.001002565976531911 0.28869
0.0010067173180136836 0.28459
0.0009894533070059985 0.30454000000000003
0.00099366863355015 0.2988
0.0009995678119295742 0.29186
0.0009844148495697634 0.3128
0.0009924342607346653 0.3004
0.0010142478651400005 0.27787
0.000996384847744297 0.29546999999999995
0.0009999990059008999 0.29139
0.0010052022962742928 0.28605
0.0009807264362842662 0.32065
0.0009792529611840374 0.32463000000000003
0.000979399566137084 0.3242
0.000999949878613439 0.29145
0.0009907941256901344 0.30263
0.0010021787061859015 0.28909
0.000993150104769855 0.29946999999999996
0.0009806027749919633 0.32095999999999997
0.0009775993703276297 0.33035
0.000991688500002542 0.3014
0.000979399517224783 0.3242
0.0009864905408803575 0.30916
0.0010025511915566967 0.2887
0.0009836016801037849 0.31436
0.001009499477174729 0.28202
0.001016861685603163 0.27571
0.0010133689162126996 0.27862
0.0010036758904812568 0.28756
0.0009990910667666427 0.29239
0.000988776626936339 0.30555
0.000988946526846615 0.30529
0.0010078097065718899 0.28357
0.0009881769149220267 0.30646
0.0010092292556708642 0.28226
0.001001631399720702 0.28966
0.0009860748759957995 0.30985999999999997
0.0010000363305364194 0.29135
0.0010010545159113535 0.29026
0.0009864934769454857 0.30915
0.00100532729753614 0.28593
0.0010177231000393615 0.27501
0.0010102000567804067 0.28138
0.0009997767925786361 0.29163
0.0010052087523188384 0.28604
0.0010374838013371456 0.26085
0.0010098878135434812 0.28165999999999997
0.001010683130209237 0.28095
0.0010168255204545886 0.27574
0.0010176634289281667 0.27505999999999997
0.0010014232924785004 0.28986999999999996
0.0009810628082625263 0.31983
0.0009794546108650333 0.32404
0.000991662583687236 0.30143000000000003
0.0009950200961576121 0.29711
0.0009842368029176593 0.31314000000000003
0.0010126729819485236 0.27921
0.0009998959715704402 0.2915
0.001025837168639666 0.26882
0.00101087477941012 0.28078000000000003
0.001010230050068695 0.28136
0.001018992149590731 0.274
0.0010055049794313955 0.28576
0.0010039414639894644 0.2873
0.0010032419875647114 0.288
0.0009890101395688437 0.3052
0.0009879101337729034 0.30687
0.0010009070665575788 0.29041999999999996
0.0010129552303805 0.27897
0.000993826668435822 0.2986
0.0009974413909797104 0.29424
0.0009951054342830445 0.29701
0.0010272372514012376 0.26781
0.0010013707820902315 0.28993
0.0010105747551484407 0.28105
0.0009924711055367221 0.30035
0.0010247342510451656 0.26961999999999997
0.0010075376940815676 0.28381999999999996
0.0010097812711773058 0.28176
0.0009824992201615877 0.3166
0.0009839517623137191 0.31368
0.001000228834944237 0.29114
0.0010129360717355945 0.27899
0.0010154907481270826 0.27683
0.001002609009877519 0.28864
0.000989246114310073 0.30485
0.0009958132510134205 0.29615
0.000988995231175382 0.30522
0.0010229259993039307 0.27097
0.0010022794535819233 0.28898
0.000999982850054184 0.29141
0.001006457065140061 0.28484
0.000992070214252425 0.30088000000000004
0.000989616087143182 0.3043
0.0009815635502173296 0.31866
0.0009799132361059128 0.32275
0.0010025561188074668 0.2887
0.0009940999934062167 0.29825999999999997
0.0009837273013006075 0.31411
0.0009828388685056734 0.31589
0.000992390711534908 0.30046
0.0010221591408764638 0.27155
0.0010114845738042114 0.28025
0.0009916401283911708 0.30146
0.000998244723196161 0.29333000000000004
0.0010062832224812558 0.28501
0.0009991230229927717 0.29235
0.0009862490754489854 0.30956
0.0010103950267094347 0.28121
0.0009872724900797103 0.30788000000000004
0.0010018325517474741 0.28945
0.001012479247529048 0.27938
0.0010042643676433987 0.28697
0.0010202279256963345 0.27303
0.0010194017271688252 0.27368000000000003
0.0010171591668043636 0.27547
0.000988509160446256 0.30595
0.0009972087657831754 0.29451
0.001008328976430417 0.28309
0.0009986573151369814 0.29286999999999996
0.0010226495699190933 0.27118000000000003
0.0010137532937184051 0.27829
0.0009876795236494135 0.30723
0.000995531620999759 0.29649000000000003
0.0009810558921011046 0.31984
