0.0009048309822111083 0.36241
0.0009176958620819665 0.4011
0.0009297273795974772 0.30165
0.0009085444424115311 0.33626999999999996
0.0009059767760814691 0.34598
0.0009068072394143767 0.3422
0.0009124412744639161 0.39144
0.0010166172456374176 0.24247
0.0009100180874545052 0.33228
0.0009385496408012828 0.29261
0.0012876149764044767 0.16339
0.0010635397584908485 0.22276999999999997
0.0009593322943551389 0.27551
0.0012703083476453818 0.1668
0.0009048016144031516 0.35606
0.0009973398317869569 0.25211999999999996
0.0009692527325805407 0.26866999999999996
0.001128445285300409 0.20119
0.0009311796389845307 0.4191
0.0009457355806074473 0.28617
0.0009445962516087779 0.43267
0.0009053036010570992 0.36769
0.0009533087551497719 0.28002
0.0009047443549252235 0.35953
0.0013420069668878417 0.15348
0.0009415768608738096 0.42986
0.0009355413326780563 0.29553
0.0009049997490598071 0.353
0.0009151758337952179 0.39676999999999996
0.0009088168967330316 0.33548
0.0009208705230125976 0.31267
0.0010623577304911512 0.22321
0.000906329031797412 0.34426
0.0009332305672547005 0.29788000000000003
0.0009095843370955891 0.33338
0.0009938082592857657 0.25401999999999997
0.0009236933781216572 0.30887
0.0009116121328515666 0.32855
0.0009123306962692875 0.32702
0.0009129262459916258 0.39244
0.0009710936616993797 0.26746
0.0009265350598675055 0.41358999999999996
0.0010812744206019605 0.21634
0.0009300459683960667 0.41781
0.0012355441256308272 0.17407999999999998
0.0009057985475587457 0.37095
0.0009782174035196467 0.26299
0.0010071987121374555 0.24705
0.0012213542949031642 0.17723
0.0011870885624420103 0.18534
0.0010690763764481242 0.22071
0.0010754512617848916 0.2184
0.0009113702141754702 0.38909
0.0009525470558383496 0.28062
0.0009065110270723366 0.34344
0.0009114470542105647 0.38926
0.0011504319783724405 0.19492
0.0012067931258852357 0.18059
0.001058376354808563 0.22473
0.0009051494069745765 0.35148
0.00094530907646884 0.28653
0.0009149011900233977 0.39626999999999996
0.0009153954212535495 0.3212
0.0009379312027473266 0.2932
0.000937103496664919 0.294
0.001069668029223176 0.22049000000000002
0.0009065571510412037 0.37469
0.0009381163811228867 0.42648
0.0009394659379602872 0.29175
0.0009220869716719207 0.40771
0.0009316855984586871 0.29951
0.0009230908660791006 0.4091
0.0012182179692118852 0.17794000000000001
0.0009264563021710111 0.41348999999999997
0.001295108658921529 0.16195
0.0009072156394900135 0.34063000000000004
0.0009121437314960452 0.32741
0.0009319391023601103 0.41996000000000006
0.0009177955795842464 0.40126
0.0009234689119987887 0.40961000000000003
0.0010563599000953379 0.22551
0.0011197775790207714 0.20379
0.0009134233140854148 0.39345
0.0009072079836271657 0.37731
0.0009586732650000717 0.27599
0.0010459039628941673 0.22966
0.0009403069702488135 0.42863999999999997
0.0009190857913288772 0.4033
0.0009063861140604154 0.37393000000000004
0.0009245627243681815 0.41107
0.0009104889418097846 0.33111999999999997
0.0013544560447985893 0.15137
0.0009079875201995913 0.38001999999999997
0.0009075180515047273 0.33955
0.0009065396783620603 0.37462
0.0009254423020604929 0.41221
0.0009852537879997821 0.25881
0.0009047844744249922 0.36134
0.0010304473457414288 0.23618000000000003
0.0010742182363168479 0.21884
0.0009133809011217425 0.32491
0.0009062292891822636 0.3732
0.000912565540240625 0.3917
0.0010188199491399685 0.24144000000000002
0.0010574120368576293 0.2251
0.0010942203665940749 0.21191999999999997
0.001283006932415002 0.16427999999999998
0.0009411318866655285 0.29022
0.0009302024203214026 0.41799
0.0011246477114163435 0.20232
0.0009436541378864216 0.28797
0.0010282281318634908 0.23715999999999998
0.0009148185797278741 0.39611999999999997
0.0009467929155554565 0.28526999999999997
0.0009047725028889403 0.36096999999999996
0.0009085473670811559 0.33626
0.0009637164045789405 0.27241
0.0009121564279212861 0.39083
0.000911268815357725 0.32931
0.0011046005751381707 0.20853000000000002
0.000980665308359877 0.26150999999999996
0.000920636631727322 0.313
0.0009230828349480653 0.40909
0.0009112137314378914 0.32944
0.0012874002663639443 0.16343
0.0010667321779598733 0.22157
0.0009777722683040372 0.26326
0.0010141328630195925 0.24366
0.0011334011443025955 0.19974
0.0010622803206967164 0.22324000000000002
0.0009849815440208202 0.25897
0.0009332196543774546 0.29789
0.0009514722031505175 0.28146
0.0009121643883444568 0.39085
0.0012599396833623587 0.16891
0.0009897792309552168 0.46579
0.0009052335568136259 0.36712
0.0009254368381414408 0.4122
0.0009110951543493146 0.32971
0.0009116796091706348 0.38978
0.0010501716470089344 0.22794
0.0012247837974852674 0.17645999999999998
0.0009071732719432317 0.37718
0.0009170760348054855 0.31838
0.0009362995379167241 0.42463
0.0009212372920074961 0.4065
0.0009064510879978853 0.3437
0.0010688714857173636 0.22078000000000003
0.0011764847384066837 0.18800999999999998
0.0012833257837410272 0.16422
0.0013772534553645034 0.14764000000000002
0.0011106951477846906 0.2066
0.0010377376277360358 0.23304
0.0013131409779880009 0.1586
0.001368775730430146 0.14901
0.0010955528798083653 0.21148000000000003
0.0010042367255020418 0.24854
0.000981606199566412 0.26095
0.001255736220511422 0.16978
0.0009796377936076724 0.26213000000000003
0.0009308736409946493 0.30039
0.0009053797797866505 0.36826
0.0011610986723855341 0.19202
0.0010734275401911254 0.21911999999999998
0.0009061196960888893 0.37266
0.0009174466904175544 0.40069
0.0009242486453777385 0.30816
0.0009271417589911301 0.30462
0.0009181887856618909 0.40189
0.0009126128042624895 0.3918
0.0009406573715307916 0.29065
0.0013495216735067473 0.1522
0.0009824933830739396 0.26042
0.0009128577313177731 0.3923
0.0010044076390557522 0.24845
0.0010055136457711173 0.47489
0.0009442590694915419 0.28744000000000003
0.0009339631986877474 0.29713
0.0011651737297547443 0.19094
0.0009778859453554226 0.26319000000000004
0.0009097768619648275 0.33289
0.001151433534433143 0.19464
0.001060426759270599 0.22394
0.001107675399948291 0.20755
0.0009718312104458466 0.26699
0.0011418142105461325 0.19732
0.0009157340187748114 0.32061999999999996
0.0009202009145499011 0.40499
0.0011595826190096297 0.19243
0.0009316101462212737 0.29959
0.0013620560744371554 0.15011
0.0009421068718862901 0.43036
0.0010148786119191684 0.2433
0.0009049031232900663 0.35423000000000004
0.0012092238198613367 0.18002
0.0009465958602178392 0.43448000000000003
0.0011915306978190776 0.18425
0.0009087787892905524 0.38245999999999997
0.0011693865849966847 0.18984
0.001120288701237661 0.20363
0.0013453633121212787 0.15291
0.000960308378664644 0.27481
0.0009184638828901916 0.3162
0.001059308526862702 0.22436999999999999
0.0009273003570871609 0.41453999999999996
0.0009048238444570195 0.36227
0.0009126717637569558 0.32632
0.001096580119743858 0.21114000000000002
0.0010213265026806514 0.24028000000000002
0.0009486268234011725 0.28375
0.0009387012003479616 0.42706000000000005
0.0010370329709701012 0.23334000000000002
0.0010298311883277834 0.23645
0.000966909693380676 0.27023
0.0009102516125549716 0.3317
0.0009069036909969857 0.37613
0.0009236030603127048 0.30899
0.0009117967500168479 0.39004
0.0009067523852505758 0.34242
0.0009047723481153027 0.36096999999999996
0.0011304720380708603 0.20059000000000002
0.0010082039036866412 0.24655
0.0010342442109439012 0.23453000000000002
0.0009072460593668742 0.34052
0.0009090746532583287 0.33476
0.0009901163585721846 0.25605
0.0009126145997435497 0.32644
0.0009130518500527001 0.32556
0.0009314384399201972 0.41939
0.0012885788474888318 0.1632
0.001279159528900038 0.16504000000000002
0.0009505257393806053 0.28221
0.000933728222027848 0.29736999999999997
0.0010760440191699557 0.21818
0.0010975133554437556 0.21083000000000002
0.0009050898652533883 0.36582
0.0009165639018401568 0.39921
0.0009281207246906352 0.30346999999999996
0.0011756575864103368 0.18822
0.0009101542016963989 0.33194
0.0009098511036194847 0.3854
0.0009749808641242991 0.26499
0.0009243718553453291 0.308
0.0009196027746399765 0.31449
0.0009278964824463195 0.30373
0.0009231093439854142 0.40912
0.0009364170634707132 0.29467
0.0009285488095151279 0.30298
0.0009047552152613614 0.35756
0.0010601676879708564 0.22404000000000002
0.001092206067313028 0.21259
0.0009210252547954795 0.4062
0.000905062412791461 0.35231999999999997
0.0009078401805053832 0.37953000000000003
0.001056750209644019 0.22536
0.0013331854535488285 0.15500999999999998
0.0009125451487693367 0.39165
0.0010930446043441737 0.21231
0.0010634192904566894 0.22280999999999998
0.001476483118440674 0.13314
0.0009163521989320734 0.31956999999999997
0.0009057943159513152 0.34697
0.0010192213055011956 0.24125
0.0009315744230764786 0.41955
0.0009221380145571572 0.40778000000000003
0.0012455706427509329 0.17190999999999998
0.0009123906346313169 0.3269
0.0009811308713802874 0.26123
0.0009095192245920777 0.33355999999999997
0.0009050484459400318 0.3654
0.000975252616176003 0.26482
0.0009062591220235548 0.37334
0.0010173737875492706 0.24211999999999997
0.001105915651294408 0.20811
0.0009158337120547496 0.32045
0.0009293315069250075 0.30209
0.000909216675792377 0.3837
0.0009048045326609803 0.35599000000000003
0.0009240475140968555 0.41039
0.0009056483620956279 0.34783000000000003
0.0009969036410271395 0.25235
0.0009556916726946235 0.2782
0.0009165289527416554 0.39915
0.0009633343071164336 0.27266999999999997
0.0009256718760696156 0.30638000000000004
0.0009164532579246166 0.3194
0.000928497199364027 0.30304000000000003
0.0009569936572096223 0.4432
0.0011041649425608394 0.20867
0.0009339269837937995 0.29716
0.0009103262373144557 0.33150999999999997
0.0013511043048378213 0.15194000000000002
0.0009056084636247249 0.34807
0.001184495352584254 0.18599000000000002
0.0009067383282777881 0.34248
0.0009583379529900803 0.27624
0.0009123909911984316 0.39133
0.0010006458944673312 0.25038
0.001005290750538334 0.248
0.0009169934991361465 0.31851999999999997
0.001042346701531233 0.23112
0.0009720967872253238 0.26682
0.0009101805798262404 0.33187
0.001144399048022808 0.1966
0.0009217582931994837 0.31144
0.001357886483681053 0.1508
0.0009214124298663132 0.31192
0.0010671435303114803 0.22141999999999998
0.0009077283899469439 0.33883
0.0010343225654096528 0.2345
0.0009573549535583013 0.44348999999999994
0.0010382684988197433 0.23281999999999997
0.0009054520548009084 0.36878
0.0009464514688812813 0.28556
0.0009047580261216025 0.35743
0.0009166305214720018 0.31911
0.0009426483359698526 0.28885
0.000986714567061125 0.25797
0.0012981326974963688 0.16138
0.0009384380349381972 0.29272
0.0012488836152104174 0.17121
0.0009274751203902128 0.41475
0.0009058383315078432 0.34672
0.0009525719457190355 0.2806
0.0009109044985186878 0.33014
0.0010869556559116125 0.21436999999999998
0.0010462597084083339 0.22951
0.0010576868918625154 0.22499
0.0009348159891419941 0.42308
0.0009369331461025423 0.29416
0.0009069972244998716 0.34145
0.000962862936611555 0.273
0.0009340815114678336 0.4223
0.000945521593140733 0.28635
0.0009464717839453309 0.43437
0.0014365952886259967 0.13865
0.0009255303869613956 0.30656
0.0012763799386330268 0.16559000000000001
0.0009461841771244083 0.43411000000000005
0.0009087304561016605 0.33573000000000003
0.0009058825873286257 0.34648
0.0012531540914843531 0.17031
0.000904778220430156 0.36115
0.0010141061382965416 0.24366999999999997
0.0009815813919704446 0.26095999999999997
0.0009049213771397216 0.35398
0.0009049285718875545 0.36396999999999996
0.0010159630069627944 0.24278000000000002
0.001078957423090739 0.21715
0.0009081424320470849 0.38051999999999997
0.0012395599214387247 0.1732
0.0009052922491499143 0.3676
0.0009093946387598717 0.33389
0.0010622177071908001 0.22326
0.000935845233476242 0.29523
0.0011964858834045509 0.18304
0.0009047899180400227 0.36149000000000003
0.001200103904017542 0.18217
0.0010356698099039717 0.23392
0.0009113460169468867 0.32914
0.0010199403783005088 0.24092
0.0010222171747396645 0.23986999999999997
0.0009252909460883456 0.30685
0.0010719590382992845 0.21965
0.0009411650477633985 0.29019
0.0009170539240822704 0.40004
0.0009401036197740003 0.42844
0.0009050924123394554 0.36585
0.001225404609684897 0.17632
0.0011116913238140087 0.20628000000000002
0.0009778783651873916 0.26319000000000004
0.0009911470118986621 0.25548000000000004
0.0009139418894811482 0.39446
0.0011716974371573953 0.18924000000000002
0.0009084404412950287 0.38145
0.0009622866229904389 0.2734
0.0009166090312681808 0.31915
0.0010629397133869055 0.22299000000000002
0.0010124186479150037 0.24448000000000003
0.0009448908814838783 0.43293999999999994
0.0009195678289254788 0.40404
0.001052728251743698 0.22693000000000002
0.0009078856123564646 0.37968
0.0009400122411689763 0.29124
0.001397875125634117 0.1444
0.0009132878816311907 0.39318000000000003
0.0009049362826068818 0.35378000000000004
0.0009087565127511616 0.38239
0.001249630532303652 0.17105
0.0009075007619179883 0.33960999999999997
0.001113642798712284 0.20568000000000003
0.0009076027187401143 0.37873
0.0012709058978481553 0.16668
0.0009227629912184623 0.40865
0.0009057847686085681 0.34702
0.0009241521752721625 0.30828
0.0009123314491210323 0.32702
0.0013442025832182524 0.15311
0.0009048405101403607 0.3626
0.001169989215479367 0.18968
0.001084249351229193 0.2153
0.0009214146964362936 0.40676
0.0012104961813432665 0.17972
0.0009087315293651133 0.38232
0.0013157694847842063 0.15812
0.000904751484308356 0.36008
0.0011344144193458192 0.19944
0.0012774621037963956 0.16537000000000002
0.000907527903942113 0.37847
0.0011407023876191316 0.19764
0.0009609079473365034 0.27438
0.0009243320925907804 0.41076
0.0009438741693616448 0.28776999999999997
0.0009616476137567932 0.27385
0.0009150102536092636 0.39647
0.0011556644917788935 0.19349
0.000936900116624601 0.42525
0.0009866844786385102 0.25799
0.0009050805316371838 0.36573
0.0009059887324785574 0.37199
0.0009377321146921871 0.29339
0.0012442386821978596 0.1722
0.001190281994974845 0.18455
0.0011862922791482627 0.18554
0.0009167738384764742 0.39957
0.0009327215937019822 0.29841
0.0013115263209813124 0.15889
0.0009244097406903097 0.30796
0.0009314927109667489 0.29972
0.0009912648272302216 0.25540999999999997
0.0011481821186018237 0.19554000000000002
0.0009498798296293326 0.28273000000000004
0.0009615021869151379 0.44669
0.000979525383420366 0.26219000000000003
0.0009884869157851996 0.25695999999999997
0.00104551491611314 0.22981999999999997
0.0009088835357783708 0.33529000000000003
0.0010388128466086767 0.23259000000000002
0.0009194733610813925 0.40389
0.0009188445079549278 0.31561999999999996
0.0009343777352086225 0.2967
0.0009305463939557288 0.41838000000000003
0.0009280577540832879 0.30355
0.0009130932711471111 0.39278
0.001014642797273118 0.24341
0.0009704651451922192 0.26787
0.0009309844674682776 0.30027
0.0009233092604090102 0.4094
0.0009234054831261134 0.30925
0.0009295155851431917 0.30189
0.0009339984046143103 0.29709
0.0009436242010315464 0.28799
0.0009145072603033023 0.39554
0.0010672211169646287 0.22139
0.0009370155882665191 0.42536
0.0009187293031149766 0.40274
0.0011467313850441762 0.19594
0.0009063061992128004 0.34436
0.0009047419752582812 0.35912
0.000921084625535434 0.40628000000000003
0.000912303189307092 0.32708000000000004
0.0009961562605035191 0.25275
0.00091683461892108 0.39966999999999997
0.0009206963618840784 0.40571999999999997
0.000955296379577294 0.2785
0.0009076810094441139 0.379
0.0014014951844858994 0.14385
0.0009109415139966418 0.38809
0.0009060167696606834 0.34576999999999997
0.0009095029466443054 0.38448000000000004
0.0011815029672665284 0.18674000000000002
0.0009186560999932091 0.40263000000000004
0.0009390976028841508 0.2921
0.0009093308949967577 0.33405999999999997
0.0009785588414666549 0.4587
0.0009047802684647466 0.35663
0.0009047938002045571 0.35625999999999997
0.0009508439758866107 0.28196
0.0009952553163906758 0.25323
0.0009586288586801822 0.27602
0.0009066210372886792 0.34297
0.0013604888844925469 0.15037
0.0009047952978933015 0.35622
0.0009671215320051135 0.45083999999999996
0.0011270662740958024 0.2016
0.0009173334691380204 0.31797
0.0012364620348222764 0.17388
0.0009299735077959281 0.30138000000000004
0.0011862194682147004 0.18556
0.0012506390793595504 0.17084000000000002
0.001164839215122861 0.19103
0.0009129116240683447 0.32584
0.0009099986557934965 0.38578
0.0009171363357902152 0.31829
0.0009412161994710663 0.42951000000000006
0.000981299604210845 0.26113000000000003
0.0010444069739258296 0.23026999999999997
0.0009494524953412143 0.28308
0.0012674524627021698 0.16737
0.0010124307676347916 0.24448000000000003
0.0011845430038073708 0.18597
0.0009121017475884062 0.39071
0.0009132419938301527 0.32518
0.0009057632531137731 0.37075
0.0011770840609368087 0.18785
0.0009052463298242112 0.36723
0.0009098836598712403 0.33261
0.0010029665568544355 0.24919000000000002
0.0011892833879842146 0.1848
0.0010214045265826842 0.24024
0.0011443317731410056 0.19660999999999998
0.0009082555569715696 0.33714
0.0010768843189107584 0.21788000000000002
0.0009156251683811714 0.32081
0.0010732200325569605 0.2192
0.0009051881278122318 0.36673
0.000904802859716471 0.36180999999999996
0.000941261775765669 0.2901
0.0010919749519793251 0.21266999999999997
0.0009422621308613094 0.2892
0.0009166703449605096 0.39939
0.0009092515960377952 0.33426999999999996
0.0009422649415434452 0.43051000000000006
0.000917873488430157 0.40138
0.0009547599729761425 0.27891
0.0009332679549730488 0.29784
0.0009187818842970008 0.31572
0.0009150233087388847 0.3965
0.0009062636216796904 0.34456
0.000915278703942101 0.32141
0.0009075273836960882 0.33952
0.0009795032584487145 0.26221
0.0011601619141160097 0.19227
0.0009062276119632233 0.34473000000000004
0.001100767920179464 0.20976999999999998
0.0010258738707734207 0.23820999999999998
0.0009243074876788174 0.30809000000000003
0.000983224972233882 0.25999
0.0009056306918975384 0.34794
0.0009093902723266138 0.3339
0.0009056083906014895 0.34807
0.0009395092318335244 0.29170999999999997
0.0009215284075058202 0.31176
0.0009091627297882752 0.38355
0.0010661558214153434 0.22179000000000001
0.0010599850516944103 0.22411
0.0009247982625945704 0.30746999999999997
0.0009230734614362398 0.40908
0.000950851982260988 0.28195
0.0009169988485333929 0.31851
0.000907591158983867 0.37869
0.0010489515548463826 0.22843000000000002
0.0012523410625379166 0.17048
0.0009307204117093593 0.30055
0.0012913338007848989 0.16267
0.0009193979018978663 0.3148
0.0009143533812893238 0.32306999999999997
0.0009292744114822005 0.41691000000000006
0.0009048664471029981 0.3548
0.0009104661402155216 0.33118000000000003
0.0009048043994381023 0.36185
0.0010011173449415581 0.25014000000000003
0.001065338047027248 0.22209
0.00109344619295491 0.21218
0.0009977161739498923 0.25192
0.0010102487756590262 0.24554
0.000982484229166136 0.26043
0.0009128345170531781 0.32599
0.0009076381375026922 0.33914
0.0011861157609721936 0.18558
0.0009288134448291863 0.41636000000000006
0.000906620494067051 0.34297
0.0009183982688417277 0.3163
0.0011344077777935193 0.19945
0.001133661823716463 0.19966
0.00096788174502654 0.45138999999999996
0.0011926392621287314 0.18398
0.0009129674330554729 0.32572
0.0011850334755876448 0.18585
0.001006150922929244 0.24756999999999998
0.001071740861614237 0.21973
0.0009104497347442457 0.33121999999999996
0.0009096652053416879 0.38491
0.0009659529655716785 0.27087
0.00091586391304001 0.398
0.0009079671436891607 0.33805
0.0009149914077370862 0.32192
0.0010605040997820133 0.22391
0.0009242487818065146 0.41065
0.0010594693628537355 0.22430999999999998
0.0009073613404359591 0.37787
0.0010429101855042302 0.23088000000000003
0.0010182480951012615 0.24170999999999998
0.0010182802148165546 0.24169000000000002
0.0009400537025152197 0.42838999999999994
0.0011326618061306536 0.19995
0.001028455680991731 0.23706
0.0009123620182502617 0.39127
0.0010702849232809702 0.22025999999999998
0.0011261616754371922 0.20187
0.000945725768599999 0.28618000000000005
0.0009208578796627814 0.31269
0.0009048003313314765 0.35609
0.0011248688964805781 0.20225
0.0011651853636028594 0.19094
0.0009577066154706678 0.44376000000000004
0.0009097540436286519 0.38515
0.0009110549928166591 0.38836
0.0009057240453358124 0.34738
0.0009265408620088106 0.4136
0.000996944293774631 0.25233
0.0009467225282808831 0.28533000000000003
0.0009048773471566517 0.36323
0.0011899648069756347 0.18463
0.0009187978715766756 0.31569
0.0010249537040953696 0.23863
0.0010475659517808975 0.22899
0.0009278254753647733 0.41518
0.0009100690550011355 0.33215
0.0010747094148195549 0.21866
0.000989513074798705 0.25639
0.0009341880051701346 0.42241000000000006
0.0011824926543799192 0.18649000000000002
0.0009926811483210937 0.25463
0.0009476655882775049 0.28455
0.0009664477918521449 0.45035
0.0009599994738156829 0.27503
0.0010575233194593198 0.22505999999999998
0.0012482663441033817 0.17134000000000002
0.001109118715948185 0.20709
0.001025880876729475 0.23820999999999998
0.0009047838583582342 0.36132
0.0009051036525745219 0.36596
0.0009662344069161743 0.27068000000000003
0.0009257410171403425 0.3063
0.0010046078742881068 0.24835
0.0009567070928399093 0.44297
0.000908385126372424 0.33675
0.0009818616350214604 0.2608
0.0011014805883067284 0.20953000000000002
0.0009159954515747401 0.32016999999999995
0.0009681523611216722 0.26939
0.0009092708234118502 0.33421999999999996
0.0014062984181583834 0.14312
0.0009316001299268724 0.41958
0.000933531316120705 0.29757
0.0009338695018621621 0.29722
0.000906773942600152 0.34234000000000003
0.0009047521616433892 0.35773
0.0011975168387978747 0.18279
0.0010143547150887446 0.24355
0.001042615659286503 0.23101
0.0009305076068628454 0.30079
0.0009593541596490413 0.44505
0.0009054182575103642 0.36854000000000003
0.0011026147547407703 0.20917
0.0009139193708964483 0.39442
0.0009438230543437003 0.43196
0.0009161964143678657 0.39858000000000005
0.0009535874403124002 0.27981
0.0009070670119152832 0.34119
0.001015580837545685 0.24297
0.0010670492940044814 0.22146
0.0009366608914372532 0.29443
0.0011331899646683298 0.1998
0.0009587476185049526 0.27594
0.0009051451703801932 0.36635
0.0009374844157817565 0.29363
0.000905269115567089 0.35045
0.0009083807196873342 0.38126
0.0009071678110519723 0.34081
0.0009047571343476052 0.35746999999999995
0.0012661331682964105 0.16764
0.0009402596693591204 0.29101
0.0011798881424845043 0.18714
0.0012074750303921174 0.18043
0.0011663916712939648 0.19062
0.0009225632060585843 0.31035999999999997
0.0009118762831844798 0.32798
0.0009096445356696837 0.38486
0.0010023691737145758 0.24949000000000002
0.0009188574323551473 0.3156
0.0009055740408278339 0.36959000000000003
0.0009333796725082528 0.42153999999999997
0.0009788347442659143 0.26261
0.000906293447040553 0.3735
0.0009225181124297563 0.40831
0.0009713902332801163 0.26727
0.0009145420421607844 0.39561
0.0012116693909858315 0.17945
0.0009184350262448817 0.31624
0.000958896190154571 0.44469
0.0010916360652148095 0.21278000000000002
0.0009069744668976553 0.34154
0.0009104336154884307 0.33125
0.0009095226039649212 0.38453000000000004
0.0009808733736422117 0.26138
0.00095420504216126 0.27933
0.001005565860412122 0.24786
0.0009049154556677636 0.35406
0.0009113920915805435 0.38914
0.00102131575330421 0.24028000000000002
0.0012552762145592153 0.16987
0.0009277533998286217 0.41508999999999996
0.0010386258029347192 0.23267
0.0009286299887333458 0.41613999999999995
0.0009247169250406059 0.30756999999999995
0.0010082446016729174 0.24653000000000003
0.000932263600163276 0.2989
0.0010545552271909113 0.22621
0.0009425767815702529 0.28891999999999995
0.0009321946117289214 0.42023999999999995
0.0009736675558427769 0.26582
0.0010115516067092376 0.2449
0.0009220964041366511 0.31098000000000003
0.0010681358904314924 0.22105
0.0011602810351386366 0.19224000000000002
0.0009584271327051956 0.27616999999999997
0.0009149815998260634 0.32193
0.0009366219556263174 0.29447
0.0009048748953570015 0.36319
0.000905802183047229 0.37096999999999997
0.0009071783301380643 0.3772
0.0010464083046365048 0.22945
0.0009066326519014056 0.37501999999999996
0.0009261149352880783 0.30585
0.0009093519069874404 0.38406999999999997
0.0009290016474353193 0.41658999999999996
0.0013225645401172908 0.15689
0.001064549992917798 0.22239
0.0010507776759217434 0.2277
0.0011180747924087117 0.20431
0.0009274299366400261 0.30428
0.000996946400940232 0.25233
0.0009136817914034755 0.39396
0.001127933429823374 0.20134000000000002
0.0011898338041821037 0.18466
0.0009051802792392849 0.3512
0.0010944217117796055 0.21185
0.0010274439467387716 0.23751
0.0009152458937119709 0.32147
0.0011492606860350647 0.19524
0.001129653691429948 0.20083
0.001049290694164429 0.22829000000000002
0.0009496198866815087 0.28294
0.0009211130020084454 0.40631999999999996
0.0009178756367381175 0.31711
0.0010709793917026368 0.22000999999999998
0.001216365567430365 0.17837
0.0009086139753142521 0.38197
0.0011820647996676707 0.18659
0.0009047742518844776 0.36103
0.0009131049965414286 0.32545
0.0009114318605687832 0.38923
0.0009270255343193613 0.30475
0.0010798390263763544 0.21684
0.0013227038613259508 0.15687
0.0009055264458860399 0.36928
0.0009797206569910428 0.26208000000000004
0.0009052506830776653 0.36726
0.001102934429626405 0.20906
0.0009411904867431927 0.42949
0.0009799502835412738 0.26194
0.0010145342710314005 0.24345999999999998
0.001043818995644355 0.23051
0.0013741160143768848 0.14814000000000002
0.0009493628115876703 0.28315
0.0010333407662305137 0.23492
0.0012627386840958295 0.16833
0.0009048063256485642 0.36189
0.0009164265873456231 0.31945
0.0009142488015082083 0.32326
0.0010988514568947036 0.21039000000000002
0.0009060897635085449 0.3454
0.0009076558465277702 0.37890999999999997
0.0012766385858636886 0.16554000000000002
0.0010780385081378034 0.21746999999999997
0.0009269131873594904 0.30489
0.0009072245287331159 0.3406
0.0009495469487587591 0.283
0.0012070199969660207 0.18053
0.001194698710073191 0.18347
0.001114494408327385 0.20540999999999998
0.0010924085395498581 0.21252
0.0009577440917074255 0.27666999999999997
0.0009178751971738624 0.31711
0.0009047908445445834 0.35633000000000004
0.0011177488742145675 0.20440999999999998
0.0009189930699868519 0.40315
0.0011052896384155843 0.20831
0.001160096419576304 0.19229000000000002
0.0009499449668895018 0.28268000000000004
0.0009257680929092391 0.41262
0.0011059382411212886 0.2081
0.0011487656780870374 0.19538
0.0013880837851863335 0.14592
0.0009434193409349233 0.28817
0.0009102591287831455 0.33168000000000003
0.0010281196937839715 0.23721
0.0009063452190895093 0.37374
0.001076752732999978 0.21793
0.0009144049371182619 0.32298000000000004
0.000979566565675366 0.26216999999999996
0.0009049416108095796 0.36415
0.0009062232722457834 0.37317
0.0009425303386145214 0.28896
0.0009412942043158157 0.42958999999999997
0.0009814776467914766 0.26102
0.0009261575338376315 0.30579
0.0009344910166877991 0.42273
0.0013342899096781297 0.15482
0.0010654204712025742 0.22205999999999998
0.0011921358235591406 0.1841
0.0009310998901311965 0.30014
0.0009460931276582594 0.43403
0.000906350190190776 0.37376
0.0009047428567021626 0.35932
0.0009093404090337849 0.38404
0.0009141078451133949 0.39478
0.0013833200980483795 0.14667
0.0009239593609815649 0.41026999999999997
0.0010672651448104331 0.22138000000000002
0.0011441728393161983 0.19666
0.0009515221855958936 0.43873999999999996
0.000925512517997622 0.4123
0.0009691751475303412 0.26871999999999996
0.0011329444439875753 0.19987
0.0009436697406364262 0.43182
0.0009081296804091539 0.33753
0.000983837588376828 0.25963
0.0009048127719972888 0.36204000000000003
0.0009264756950050309 0.30541
0.0009141495835917211 0.39486
0.0009250194166684565 0.30719
0.0011741179452827047 0.18861
0.0009810038349951694 0.26131
0.0009056424566531607 0.34786
0.0009129716219175951 0.32572
0.0010193157460951477 0.24120999999999998
0.0010167644303798824 0.24241
0.0009522184023006757 0.28087
0.0012694744593446348 0.16697
0.0009047450888977907 0.35961
0.001149922016868781 0.19505999999999998
0.0009118221186449885 0.3901
0.0009195703181272739 0.31454
0.000905560692536639 0.36951
0.001319587173007477 0.15743
0.001419148169039739 0.14119
0.0009177204678844568 0.31735
0.0010071173765426509 0.24709
0.000936161643154628 0.42449
0.0009190240854483436 0.4032
0.000940242672399639 0.42858
0.0009055581707415461 0.34839000000000003
0.0013043859316444603 0.16021
0.001058857450227324 0.22454000000000002
0.0010078527860645356 0.24672
0.000921464576827246 0.31185
0.0009374862055634422 0.29363
0.0009258556801835094 0.30616
0.0012538599629294694 0.17017000000000002
0.0011696230176686528 0.18978
0.0010579810458398483 0.22488000000000002
0.0011353005917486966 0.19919
0.0009551505487924743 0.27860999999999997
0.0009553510111092802 0.44188999999999995
0.001029174340942607 0.23674
0.001017079303008219 0.24226
0.0009067368897200535 0.34249
0.0009154634126535846 0.39729000000000003
0.0009548722148537968 0.27881999999999996
0.0009379565927481214 0.42632
0.0009498128192341261 0.28279
0.0009619037406172055 0.27366999999999997
0.0011562839111938896 0.19332
0.0010034530136035084 0.24894000000000002
0.0011854947872309192 0.18574000000000002
0.0010396621362221618 0.23223000000000002
0.0009110673991081192 0.32977
0.0011254542656952884 0.20207999999999998
0.0009175837443438122 0.31756999999999996
0.0009264693049376294 0.41351000000000004
0.0013894124593376092 0.14570999999999998
0.0009585937849078645 0.44446
0.000921286293269938 0.40657
0.0012245656001399876 0.17651
0.001262375644094777 0.16841
0.0012860350280539299 0.1637
0.0009077689205140956 0.3793
0.0009791188862233765 0.26244
0.000936410920791784 0.29467
0.0009163484653074863 0.31958000000000003
0.00093362370618659 0.29746999999999996
0.0010851738649270079 0.21498
0.001167539026614822 0.19032000000000002
0.0009066711864407584 0.37518
0.0009979412538241484 0.2518
0.0009389222431059405 0.29225999999999996
0.0011875646490011485 0.18522
0.0009080998650221968 0.33763000000000004
0.0010058100159145878 0.24774000000000002
0.0010886584866938243 0.21379
0.0009233996478571943 0.30925
0.0009786017741420356 0.26275
0.0009048160459317047 0.35574
0.0009048125381448304 0.35581
0.0009315393776229278 0.29967
0.0009049883640250083 0.36473
0.0009062131405390492 0.37312
0.0009097464509932393 0.33296
0.0009425022724012071 0.43073
0.0009052411563951512 0.36719
0.0009830849711967122 0.26006999999999997
0.000991298508396011 0.25539
0.0009089445221128792 0.33512
0.001061300967083537 0.22361
0.0009796319373223097 0.26213000000000003
0.0012168517310178638 0.17825
0.0009241367459968681 0.3083
0.0010925952726079076 0.21245999999999998
0.0010525694459767104 0.22699
0.0009156451582246658 0.39762
0.0009537826228711912 0.27965999999999996
0.0009269049916590179 0.41405
0.0009047480206916337 0.35799000000000003
0.001049244070787875 0.22830999999999999
0.0009433756869324624 0.28820999999999997
0.0009086258414118765 0.382
0.0009402365108415317 0.29104
0.0009081203141996515 0.33755999999999997
0.0009059772209888878 0.37193000000000004
0.0009101692731578405 0.3319
0.0009239180047175382 0.30858
0.0009259586876496957 0.41286000000000006
0.0010052313527263508 0.24803000000000003
0.0009055214019396432 0.36925
0.0011905239905924967 0.18449000000000002
0.0011660899875524438 0.1907
0.0009392284854565018 0.42758
0.0011147886216138333 0.20531999999999997
0.000930101607114383 0.30123
0.0009112577446790485 0.38883
0.0009083308932623337 0.33691
0.0009066714986596154 0.34276
0.0009541189484793091 0.44088999999999995
0.0009261798502726436 0.30577
0.0012517864496412658 0.1706
0.001111570003367157 0.20631999999999998
0.0010531202928335819 0.22676999999999997
0.0009488660931148833 0.28356
0.0011371843288691002 0.19864
0.0009104355189013947 0.33125
0.0011895833864919501 0.18472
0.0009431545120202385 0.2884
0.0009307344432130675 0.4186
0.0009108041280818216 0.38777
0.0010875053534540032 0.21418
0.0009227499697507716 0.31011
0.0009344988200219613 0.42273999999999995
0.0009052368432154236 0.36715
0.0009084654084734809 0.33651
0.0009356960074671935 0.424
0.0009288218004683548 0.30267
0.0011234704249399854 0.20267000000000002
0.0009599240083984661 0.27509
0.0009800421823923224 0.45966999999999997
0.0009058691788377882 0.37135
0.0009519163527305564 0.28110999999999997
0.0009543114779792892 0.27925
0.0011463396187710044 0.19605
0.0010084355430065833 0.24643
0.0009237207792892146 0.30884
0.0009170933055130467 0.4001
0.0010196067663070553 0.24106999999999998
0.0009455321599590862 0.28634
0.0009158093712731719 0.39791
0.0010540866695054338 0.22639
0.0011887418371632973 0.18492999999999998
0.001060868026392005 0.22378
0.0009201704993037822 0.40494
0.0009437605395082041 0.43191
0.0010085861420305604 0.24636
0.0011130874733938255 0.20585
0.0014996341743012663 0.13011
0.0012223398125679268 0.17701
0.0010575348722694545 0.22505
0.0009263534868806072 0.41336000000000006
0.0009088838912768528 0.38276
0.00093979273457052 0.29145
0.000907165626588605 0.34081
0.0011272076265971406 0.20156
0.0011548521394550689 0.19371
0.0009216698264404921 0.31156
0.0010712148791689718 0.21993000000000001
0.0009895886212539023 0.46567
0.0009065566477151969 0.37469
0.0010241600177572157 0.23899
0.000904765789738249 0.35711
0.0009069848379781168 0.37646
