0.0006418214683629327 0.21391
0.0006455254517101237 0.19296
0.0008643158806722778 0.07837999999999999
0.0006488397996165827 0.18489
0.0006446733128662728 0.19562000000000002
0.0007123123816892434 0.1272
0.0006419169873666076 0.21131
0.0006418107485947312 0.21516
0.0012673822624860707 0.035039999999999995
0.0016760067589609879 0.54335
0.0021754734659348266 0.01185
0.001185780240357558 0.040119999999999996
0.0014584459521110877 0.51717
0.000651932345394807 0.17907
0.0006501584960770752 0.18227000000000002
0.001326850033857433 0.03193
0.0006418249714430229 0.21372
0.0009579344150796067 0.42133999999999994
0.0006846066081037361 0.14444
0.0008112718673196993 0.0907
0.0009975877958887534 0.05741
0.0007555551897665063 0.10812000000000001
0.0009224811648768437 0.41079
0.0008378797430758629 0.3813
0.0007335209842666202 0.11699000000000001
0.0006675987939840638 0.27625
0.001082653653549281 0.04838
0.0008188333271952312 0.37356
0.0008090567656100098 0.36938000000000004
0.0008807625235774364 0.07515
0.0017328284460584548 0.54935
0.0006426643581293268 0.20439000000000002
0.0037451838328234587 0.0040100000000000005
0.0007747674687012308 0.35341
0.0006760404839338034 0.15122
0.0008603030536256713 0.07921
0.0007195905781721192 0.12347999999999999
0.0008071672888664159 0.0918
0.0007093884004494426 0.12878
0.0009321994444408016 0.06635
0.001005387492156441 0.43421000000000004
0.0012047260923184215 0.03884
0.0006613363880804305 0.16585
0.000808422936864112 0.09146
0.002779650597981021 0.00727
0.0007008269796208202 0.30789
0.0006564298257673105 0.17215
0.0007573295043393342 0.10745999999999999
0.0007730022590737079 0.35252
0.0007464692664160669 0.33826999999999996
0.0019697948140277722 0.57157
0.0006609922369471875 0.26773
0.0006452990102131545 0.19364
0.0006919000180405463 0.13932
0.0009856836940875932 0.42901999999999996
0.0007448793193525747 0.33736
0.0008614515236177653 0.07897
0.000673442925766445 0.15348
0.000671468575734275 0.28074
0.0007604027853579459 0.34599
0.0007940602123417104 0.36266
0.0012801256796344202 0.03433
0.000808561382338456 0.09142
0.001004174477034063 0.05661
0.0006807757765408999 0.29044000000000003
0.0011229269981147454 0.46143
0.006754324137261384 0.00123
0.0008691345682198822 0.39303
0.0009636134733845644 0.42295
0.0011157223026319715 0.45992
0.0006423020504159533 0.20695999999999998
0.0006609723455471169 0.16627999999999998
0.0006575678921708122 0.17059000000000002
0.0006624379040435725 0.26971
0.0006420164203287796 0.20983000000000002
0.0037479363754114783 0.004
0.0008773895010907261 0.07579
0.0006791340170221132 0.14866
0.0011734799440850188 0.04099
0.0009999757770870997 0.43281000000000003
0.0009741602139912445 0.42589
0.0006749792510169591 0.28456
0.0007111044292208091 0.31561999999999996
0.0008855077735159454 0.39875
0.0006424749472547479 0.22471999999999998
0.0007235294686235397 0.12155999999999999
0.0008143590978492338 0.08989
0.0009194779173508734 0.06836
0.0007907368787115648 0.36112
0.0006422116406886602 0.20775
0.0006441945048890911 0.23340999999999998
0.0006479926433640281 0.24474
0.0006625223000579623 0.16447
0.0006428739932552263 0.20315999999999998
0.0029143689626978686 0.0066099999999999996
0.0008608228816907653 0.0791
0.0007016374261800729 0.30853
0.0006516293723423526 0.25256999999999996
0.001838886940211738 0.55981
0.0011359342504752856 0.04381
0.0017864010904902606 0.55475
0.0007062906644598354 0.1305
0.0011108130286570656 0.45888
0.001739174228195464 0.55001
0.0014134212895175215 0.51098
0.0009168844708754277 0.40904
0.0006418149044858782 0.21586999999999998
0.0016920376131763896 0.5450699999999999
0.0007330749459505725 0.33028
0.0013606448570683714 0.50331
0.0008808653934177755 0.07513
0.0012087303882343417 0.47818
0.0006597009456596411 0.16784000000000002
0.0006447562458472416 0.23546999999999998
0.0007035663202077724 0.31001999999999996
0.0007929971534924694 0.09579
0.0007633385853372568 0.34755
0.0017862292528822352 0.5547300000000001
0.0012220827081837365 0.03773
0.0011560923210999594 0.04226
0.0008365530854221769 0.38078
0.00065968836719733 0.26589
0.0006544269480373463 0.25766
0.000819126535221713 0.08867
0.0006558049005500324 0.17303
0.0012113677335636075 0.47867
0.000705350995720809 0.13103
0.0007452445953934621 0.33757
0.000647446234984502 0.18797
0.0007155996389545866 0.31881
0.0007560900478005558 0.10792
0.0010018503705140215 0.056889999999999996
0.0008772147679482236 0.07583
0.0006663515645834777 0.27474
0.001657745645315646 0.5413600000000001
0.0007643276674630597 0.34807
0.0010983015929338159 0.04696
0.0007730063349022071 0.10201
0.000758265246616133 0.10712
0.00073434443848601 0.11663
0.0006529013686287048 0.25495999999999996
0.0007409367179101929 0.33505
0.0007339406759619936 0.33082
0.000927437082225997 0.06709
0.0007364085628814824 0.11574000000000001
0.0006421475754496221 0.20836
0.0010278712738496691 0.43988999999999995
0.0010372233704160861 0.44218
0.0006657392217056364 0.27398
0.0009712530706241604 0.06076
0.0006913012621623651 0.13972
0.0006481448954772089 0.24511
0.000711946488216072 0.1274
0.0011706139046486928 0.47101000000000004
0.0006546803098726803 0.25809
0.0011668740507151513 0.47029
0.0007044045103161257 0.31066
0.0006419406043937893 0.21091
0.0006449333881387892 0.23608
0.0006779513556268537 0.14962
0.0009761873122230212 0.060110000000000004
0.0020351561204877645 0.01354
0.0006567293477900886 0.17173
0.0014500201809613934 0.51603
0.0014426880002512052 0.5150399999999999
0.0007540924674845029 0.34256
0.0006487878557267236 0.185
0.0008233339265215861 0.37543000000000004
0.0008632724088687317 0.39091
0.0008437405443667731 0.08279
0.001116038559105136 0.45998999999999995
0.0008996742113719428 0.4035
0.001643851480363794 0.02076
0.004374707749434279 0.00294
0.0008949790485677466 0.07253
0.0006429757346581007 0.2026
0.0017413985842167302 0.01849
0.0009419164891401912 0.06489
0.0006763489828598072 0.15095999999999998
0.0016785174403350122 0.54362
0.0014113469661487712 0.028189999999999996
0.0007849910863480232 0.35841
0.0007351671517866592 0.11628
0.001145270933334221 0.04308
0.0006545924801787521 0.25794
0.0013466816110398313 0.5011899999999999
0.0009584493615525315 0.06251
0.0006613502327151003 0.26823
0.0007230388784487586 0.1218
0.000889263985043245 0.40003
0.000654247294725273 0.25735
0.0009344088474540595 0.41444
0.0010945283338782215 0.0473
0.002730818529806426 0.007529999999999999
0.0007790581291288797 0.10004
0.0007761497821080907 0.10098
0.0006993849381217005 0.13454000000000002
0.001342176349760484 0.50051
0.00092029100093724 0.41011000000000003
0.0016519966345499761 0.54072
0.0009326500114336423 0.4139
0.000703368131617306 0.30987
0.0008516755079318567 0.08104
0.0008360824535278862 0.38059
0.0006937588164446636 0.13809000000000002
0.0006474656794488955 0.18792
0.0006468916584701928 0.1893
0.000645783069175666 0.2388
0.0008915559149085436 0.4008
0.0008769480424356755 0.39579000000000003
0.0009701908562129193 0.0609
0.0006421603927428824 0.22208000000000003
0.0006461413265526425 0.19124000000000002
0.000652331457306424 0.1784
0.0007680062964429972 0.10369
0.0006666900330134332 0.27515
0.0018773164174753325 0.01591
0.00065249510516469 0.25422
0.0007701922306322072 0.3511
0.0012052807943546786 0.47755
0.0006787804689959921 0.28847
0.0008111231270101416 0.09074
0.0009610031951428748 0.42221000000000003
0.0006868930282824861 0.29618
0.0007364225005671714 0.33234
0.0006769559601832514 0.28662
0.0010764224151814722 0.45135
0.0007000678130905613 0.3073
0.0006674239050780323 0.1592
0.0006528668861503197 0.17751
0.0007907936627083469 0.09644
0.0014651994698567786 0.51807
0.000660715581727748 0.26735
0.0006932291522083383 0.13844
0.0006810228762364949 0.14715999999999999
0.0011249780797620921 0.04469
0.0012057555676978225 0.03878
0.0058505141489802555 0.00164
0.0006920619434856748 0.13921
0.0008313038191130191 0.08567000000000001
0.0006554282591994973 0.17357
0.0007591788701810162 0.34533
0.0007731810575764699 0.10195
0.0009735077636039764 0.42571000000000003
0.0006461006339849322 0.19135
0.0007265454826524226 0.32615
0.0012589273160616456 0.035519999999999996
0.0016329655570636577 0.02103
0.0006438490031590748 0.19862
0.0006707004689396294 0.156
0.0018995719612053513 0.01554
0.0009333423692706455 0.41411000000000003
0.0008710455903454133 0.39371
0.0007501692770663049 0.34038
0.0006621622439853983 0.26934
0.0007959500794149443 0.36353
0.0008671465477329191 0.07781
0.0007405754305594022 0.11399000000000001
0.0006480276191097433 0.24483000000000002
0.0014579031314299225 0.5171
0.0010001613306092184 0.057089999999999995
0.0006544076575917752 0.25761999999999996
0.000947523574129541 0.41833000000000004
0.0006419766220201356 0.21036999999999997
0.0010598864179995919 0.05056
0.0007746262646518788 0.35334
0.0006730151768220863 0.28245
0.0006716991462732951 0.15507
0.0007323997270451045 0.11749000000000001
0.0006601286304375678 0.16731
0.0012303236710918192 0.48207
0.0006446939035059816 0.23525
0.0008353744608903022 0.08471000000000001
0.0006503340370187386 0.18194000000000002
0.0006432879841217487 0.22948000000000002
0.0010175745254682887 0.055060000000000005
0.001769846541746059 0.55311
0.0008006982635622601 0.09358
0.0006677117138191222 0.27639
0.0007765666079289994 0.3543
0.0009813519094712044 0.05944
0.0007421314947420145 0.33575
0.0006557468465037656 0.17310999999999999
0.0008038218250868337 0.36708
0.0014112300165260822 0.51067
0.0011463544691264567 0.46623000000000003
0.0016635048266546472 0.54199
0.0006590756794491487 0.16862
0.001471178485294958 0.51886
0.000929047142267299 0.41281
0.0006433586333988955 0.20072
0.00140747404499287 0.5101399999999999
0.0010523566038064239 0.051320000000000005
0.0008276604400885191 0.08655
0.0007001529304442068 0.30735999999999997
0.0006943055094052234 0.30261
0.0009031715926687492 0.07109
0.0006423726994992438 0.22395
0.0007844391605276966 0.09836
0.000701188727477228 0.13346
0.0006857683873963549 0.14359
0.0007730414778489727 0.35254
0.0013772551230181909 0.02962
0.0006418905563215191 0.21181999999999998
0.0006999241986320983 0.13422
0.0009548912482786673 0.42046999999999995
0.0006418211322161258 0.21631999999999998
0.002987958531668026 0.00629
0.0007963500783160166 0.09482
0.0008521737792744203 0.38681
0.0006772139041997143 0.15023
0.0006635068059152531 0.27113000000000004
0.0014149917703077874 0.5112
0.0021949582953759037 0.011640000000000001
0.0009320389697192199 0.06638
0.0007256583841529284 0.12055999999999999
0.000923691766973051 0.06769
0.0008305657715777876 0.08584
0.001239939337481166 0.48377
0.0013619489797037589 0.5035
0.0013623835990119668 0.50357
0.0011996132540211966 0.03918
0.0006426922888466757 0.20422
0.0015110750973974308 0.52403
0.0006873582013775039 0.14245
0.0011515081898736275 0.0426
0.0011665610060530014 0.04149
0.000644547171353733 0.19605
0.0006658775942900153 0.27415
0.0006991174319498724 0.13471
0.0007721733350052367 0.10228
0.0006669980688167598 0.15963
0.001019170392612096 0.43772
0.0008590686321163155 0.38937
0.0007408797812515823 0.33501
0.001446026336807354 0.51549
0.005397678113432535 0.00193
0.0006443100684393057 0.23385
0.0006676874345788535 0.15893
0.0035077152141265826 0.00457
0.0014100780729200543 0.028239999999999998
0.0006858397656700806 0.29522
0.0006682162386748197 0.27699
0.0013810813347917778 0.5063300000000001
0.0008707233451668074 0.0771
0.00076122057974909 0.34642
0.0006851220987312676 0.14406
0.0006500876254160452 0.24946999999999997
0.002653052244968027 0.00798
0.0006534092198644842 0.25588
0.0006760907886718019 0.15118
0.0006488849937212051 0.24684
0.0006515258010330278 0.17978
0.0008134625329593819 0.37128
0.0008549821561572575 0.08033
0.0017245005994751396 0.01886
0.0010202406133850463 0.05475
0.0013394346644817032 0.50008
0.000804921631140569 0.09241
0.0011658488453113241 0.04154
0.00068468061274248 0.14438
0.0007335801863298369 0.3306
0.004461077983585006 0.00282
0.0014634157068252995 0.51783
0.0006499775148494149 0.24923
0.0006571732064829388 0.26213000000000003
0.0006529780291955512 0.17733
0.0006861602059496977 0.29551
0.0015756036165238752 0.53196
0.0010038708210258983 0.05665
0.000666651020501261 0.15999000000000002
0.0008114762117197296 0.37043000000000004
0.001185502719182071 0.47386000000000006
0.0006546767793619251 0.25808000000000003
0.0007091019213686466 0.31417
0.0007632703686657663 0.34751
0.000836227240623048 0.38065
0.0006436181975693029 0.23101999999999998
0.0007157408988345504 0.12541
0.0011189599039963195 0.4606
0.0008660027472542127 0.07804
0.0006672676301560473 0.27585
0.001027444077201881 0.05395
0.0007668392944680671 0.10407999999999999
0.0013764905933567383 0.50566
0.0006675353974522984 0.27618000000000004
0.0007422534472139817 0.33582
0.0008905279505419956 0.40046
0.0009533200996534819 0.42001000000000005
0.0008498293379080448 0.08144
0.0008300806575524173 0.08596000000000001
0.0007501417438512789 0.34036
0.001266261023971687 0.48828999999999995
0.003041582683425326 0.00607
0.0007277079699082126 0.1196
0.0007606737013649889 0.10625
0.0007366975582169241 0.11562
0.0023060967752917133 0.01055
0.0006528784709052876 0.25492
0.001099888878350445 0.45653999999999995
0.0009079746202144551 0.4062
0.0007046083134693939 0.13145
0.0009381826909863681 0.41557
0.0006886431146961779 0.29774
0.0006746481444734763 0.2842
0.0018101030291501055 0.55706
0.0008194796419339896 0.08857999999999999
0.001501431417223315 0.5228
0.0011109402036174883 0.04587
0.0006676989936478631 0.15892
0.0008812077649502756 0.07506
0.0006418987341491167 0.2186
0.0006798251672313575 0.2895
0.0011405754089880435 0.04345
0.000684096232955988 0.2936
0.000808517441611677 0.36914
0.0009932503729621672 0.05794
0.0009351009316629093 0.06591
0.001912130083629729 0.56653
0.0006935087826371899 0.13825
0.0009403320821986857 0.41621
0.003562651061224458 0.00443
0.000650350617256446 0.1819
0.0006436722316176819 0.19934000000000002
0.0006765480188930456 0.15079
0.0006437359242649304 0.19908
0.0006747002383111759 0.28426
0.0012836591598802865 0.4912
0.0006419880672955028 0.21020999999999998
0.0012895281790301183 0.03383
0.0006999968384256317 0.13417
0.0006434939438293161 0.20010999999999998
0.00112337740866556 0.46153
0.0012936086005664522 0.49283000000000005
0.0013752904421500583 0.0297
0.0007611820205698525 0.3464
0.0006418671851041133 0.21791
0.0006682270695226755 0.15839
0.0007050656784207593 0.31116
0.0006526089670443899 0.25443000000000005
0.0008077957971295039 0.09162999999999999
0.000645975421044022 0.23936999999999997
0.000979572364946454 0.05967000000000001
0.0017840469934328601 0.55452
0.008750242111588482 0.00073
0.0018289846899622701 0.55887
0.000642892258394879 0.2274
0.0019382740379240118 0.01493
0.0011496002374624498 0.46688
0.0008298955613372871 0.08601
0.0007320179898911999 0.11765999999999999
0.0007606492089797293 0.34612
0.001073346212263928 0.45065
0.0006743259028812115 0.1527
0.0007644092136930571 0.10493
0.0006513616314105569 0.18006
0.0006478268574647386 0.24434
0.0012980602331509232 0.03338
0.0007651884393090774 0.34852
0.0006452763833069745 0.23722
0.0011498461320504176 0.46693
0.000646967711588354 0.18911
0.0008230168395680751 0.3753
0.0006434535397197655 0.23028
0.0007749371058465075 0.35349
0.0013938218019320327 0.50818
0.000647080949929297 0.24244000000000002
0.0022140494119968993 0.01144
0.003733282063888893 0.00403
0.0007083966999067295 0.31365
0.000703459971907092 0.13212000000000002
0.0014149480711259461 0.5111899999999999
0.0006672931506581415 0.27588
0.0013747782146085298 0.50541
0.000647564778590536 0.18769
0.0007193488117538491 0.32139
0.0006613709242570079 0.16580999999999999
0.000725086996227286 0.3252
0.0006746337835025779 0.28419
0.0006425500997165854 0.20513
0.0011474624031867229 0.042910000000000004
0.0007149452363375493 0.31835
0.0007887102741348306 0.09706000000000001
0.0010668165984363688 0.04988
0.0007635110434792668 0.10524000000000001
0.0006881266486807229 0.29728000000000004
0.0009389961728504829 0.06532
0.0016478396338664378 0.02065
0.0009497606196927724 0.41898
0.0006465127143977159 0.19025999999999998
0.0006696713380428558 0.27869
0.0007221700551694445 0.32328
0.0007221144949874215 0.32324
0.0010020214364770842 0.43333999999999995
0.0007031277061999227 0.13230999999999998
0.0006897481706690333 0.29872
0.0007353325599569674 0.33166999999999996
0.0027668188753184786 0.00733
0.0007336984718162204 0.11692000000000001
0.0007315704959082699 0.32935
0.000668461693305937 0.27728
0.000859529954449987 0.38954
0.0010657587163254987 0.44892
0.0013825323513524882 0.02939
0.0010428628184530014 0.44354
0.0007256199645502197 0.32555
0.0008659834293779766 0.3919
0.0006418808859943439 0.21823
0.0011398886507869078 0.46492
0.011248517800240483 0.00044
0.0008169120291354746 0.08922999999999999
0.0006877869728168647 0.29698
0.0006645985783704706 0.16215
0.0008802490336437471 0.39694
0.0006458082499446117 0.23886999999999997
0.0006745840684754141 0.28414
0.0006426573628250988 0.22596999999999998
0.0006726000497638475 0.28199
0.003576184973048827 0.00439
0.0006418983854016508 0.21166
0.0014597299260021798 0.02634
0.001805833322067284 0.0172
0.0012793405737755524 0.03438
0.0006478180397175272 0.18711
0.0006446909471006296 0.23524
0.001488157444778203 0.02534
0.0014315130409058067 0.0274
0.0012173610590854086 0.03803
0.0006430055637131702 0.22803
0.0010230756550067299 0.4387
0.0007270340617620502 0.32647
0.0006515323641346571 0.17976
0.0006541500627104907 0.25718
0.0007223656534521625 0.12212
0.0006426353160338668 0.20457
0.0007393825867655771 0.33412
0.0009582587972330267 0.06253
0.0006500679702298644 0.18244000000000002
0.0010265404908372017 0.43956000000000006
0.0006508044799031465 0.18106
0.000805984804365021 0.36803
0.0006957074796460428 0.13683
0.0007140760330029784 0.31774
0.0006418973382868999 0.21857
0.0007373820793164722 0.33292
0.001288089581872633 0.03391
0.0006810362540652182 0.14715
0.000648064550477713 0.24491
0.001040993296694341 0.44309
0.0021733852549922377 0.01188
0.0007220645827114827 0.32321
0.0006693252602688735 0.27829
0.0010561375647724237 0.44668
0.0007453005302996937 0.3376
0.000892519160740356 0.07297000000000001
0.000654015425155253 0.25695
0.0009192596397238488 0.0684
0.0007569552927835393 0.1076
0.0007257954125377919 0.12049000000000001
0.0007707782175842724 0.3514
0.001526420681743364 0.52596
0.0009786068444049337 0.059789999999999996
0.0012842165585544671 0.49128999999999995
0.0006577151293186963 0.26295999999999997
0.0009517644027316112 0.06345
0.0010371977394159069 0.44217
0.0012243362160231227 0.48101000000000005
0.0009469755390049565 0.06414
0.0014336790072186397 0.5138
0.0006419751322345463 0.21039000000000002
0.0009086314628036879 0.40641
0.0006514398004701246 0.17993
0.0006590841934235534 0.16860999999999998
0.0020799531230037216 0.58062
0.0008730487513963455 0.07664
0.0006537887809815325 0.17604
0.0007432782713994145 0.33642
0.0006470160116584565 0.24226999999999999
0.0006523482643559907 0.25394
0.0007253939757076879 0.12068
0.00120849847746986 0.47813999999999995
0.0008662055537922935 0.39198
0.0007217712318129153 0.32302
0.001025229669691566 0.0542
0.0006421421964222126 0.20840999999999998
0.0006507561548255825 0.18115
0.0008118066654521553 0.37056999999999995
0.0006418107636185937 0.21506999999999998
0.001026541636430948 0.43956000000000006
0.000958026262251291 0.06256
0.0013706601658570728 0.5048
0.0008965700786094031 0.40248
0.0016227366846513379 0.5374399999999999
0.0006914781555424362 0.30022
0.0007174880283582494 0.32011999999999996
0.0006450446909216037 0.19442
0.0006421904181743739 0.20794
0.0006434965338462799 0.2001
0.001691862778937832 0.54506
0.000997907466558899 0.057370000000000004
0.0006543239089604661 0.25748000000000004
0.0007261254113864329 0.32588
0.0014385344207434743 0.02713
0.0021245164326343224 0.01243
0.0012935414507830542 0.49282
0.0008438365260084843 0.08277000000000001
0.0006435227843142343 0.23059000000000002
0.0025423527321692995 0.61236
0.0014370920545350688 0.027180000000000003
0.0009011299942772576 0.07144
0.0007005597755740202 0.13383
0.0011840913677507333 0.04024
0.0016001392995857726 0.02191
0.0025384908538431073 0.008709999999999999
0.0010896737204952242 0.04773
0.000644554933747301 0.23476
0.0006561474290091993 0.17254
0.0007000462259325933 0.13414
0.001844164816607613 0.01649
0.0006943869757664293 0.30268
0.000663052432844941 0.27053
0.0006857928162936794 0.29517
0.0006864764372215444 0.14307999999999998
0.0017109162194919195 0.01916
0.0016197307733460853 0.5371
0.000661185541619209 0.16602999999999998
0.000714747579688743 0.12593
0.0006570397588176097 0.26192
0.000737859190663403 0.33321
0.0006874568721936715 0.29668
0.00109804028444451 0.04699
0.0007239947285661756 0.32449
0.0007479890301360054 0.111
0.0006566643176313666 0.17182
0.0008807077258322026 0.3971
0.000683733781982816 0.29325999999999997
0.001047789874477685 0.05177999999999999
0.0015094798194798173 0.52383
0.0011209029189039024 0.46101000000000003
0.0008983361670844173 0.40306
0.0006847351203817758 0.14434
0.0007428251588796288 0.33616
0.0009354472646486974 0.06586
0.001305714074078362 0.49478999999999995
0.0007929674821394918 0.0958
0.0008394252755308751 0.38190999999999997
0.0006560300264412889 0.17271
0.0008537094204060866 0.38738
0.0006751760315322622 0.28476
0.0006837696233937948 0.2933
0.0006473762512159991 0.24320999999999998
0.0008260574327329071 0.08694
0.0006419456607474038 0.21083000000000002
0.0027563893152173294 0.007390000000000001
0.0006453881439783462 0.23756999999999998
0.0007640553383405901 0.10505
0.0008694074200758379 0.39313000000000003
0.0008148276279536272 0.08977
0.0020513334033733926 0.57834
0.0007739387927688108 0.35299
0.0006670623514656272 0.15955999999999998
0.0006723506131306752 0.28171999999999997
0.0007131615218670708 0.12675
0.0006452395510964971 0.2371
0.0006792571259437791 0.28894000000000003
0.0008129834328407707 0.37108
0.0010557787977472604 0.05097
0.0009877521214142087 0.42958
0.0007124305851744164 0.12714
0.000830384145971819 0.37831
0.000805919288402436 0.09214
0.0008109939812097462 0.09078
0.0007025610058163027 0.13264
0.0009696775368727652 0.42465
0.0008440645748648827 0.38371
0.0006959975030013906 0.30401
0.0008660451269532155 0.07803
0.0008237511524618777 0.08751
0.001060855448890813 0.44778
0.0008702949824734341 0.39344
0.000691559301653051 0.13954
0.0006526803633467507 0.25456
0.0016398249135587705 0.02086
0.0006683584937160486 0.27716
0.0007921677437170633 0.09602999999999999
0.0007063182767682276 0.31211
0.0006419603598036722 0.2106
0.0006735871131671733 0.15336
0.0009185390153134741 0.06851
0.0012464034083031878 0.4849
0.0006521940633085974 0.17862999999999998
0.0007520133579008781 0.34141
0.0006483534546037702 0.18592
0.0007628927968050388 0.34731
0.0013015508204632584 0.0332
0.0007487277333901381 0.33956
0.000700503558897671 0.30764
0.0006420431565036689 0.22079000000000001
0.000704966900692848 0.31109000000000003
0.0007086248934768485 0.12919
0.0006430471800061026 0.20223
0.0006926949292474951 0.13879
0.0009382932762101249 0.4156
0.0010211940563889092 0.43823
0.0006658843247865512 0.16078
0.0006423628866876954 0.20648000000000002
0.0007045025194038469 0.13151
0.0007575271454796373 0.10739000000000001
0.0006862684001499725 0.14323
0.0007521188168858276 0.34147
0.000761717618359505 0.34669
0.0006455728777791421 0.19283
0.0006580551173881098 0.26348
0.0007872352957735268 0.35948
0.0006786107977320086 0.2883
0.0006848113725903469 0.29427
0.001021963359664577 0.43842
0.0009955379664561127 0.05766
0.000702745473743197 0.30939
0.000648398887539342 0.18582
0.0007033452593859911 0.13218
0.0013178429411980794 0.49672
0.0007550575903298442 0.34309
0.0007210643233166336 0.12275
0.00093766542356901 0.41541000000000006
0.0007378200282033905 0.33318000000000003
0.00072375427087172 0.32433
0.0009214304997448693 0.06805
0.0011900551766168767 0.47472
0.0019470598425620125 0.014790000000000001
0.0007087620054137729 0.12912
0.0006611763313130104 0.16604000000000002
0.0006871858720529986 0.29644000000000004
0.0007569538001870337 0.1076
0.0006930978193212779 0.13852
0.0006922690280443655 0.30089
0.0013214285449416577 0.0322
0.0008639270520614252 0.39115
0.000984487982674597 0.059039999999999995
0.0009280886014245755 0.06699
0.0007308042284221047 0.32887
0.000641968545773234 0.21979
0.000655815633112749 0.17302
0.0006418195894108411 0.21402
0.0007426921234497004 0.33608000000000005
0.0014989780449058345 0.52249
0.000889624599712709 0.0735
0.0006729400504339196 0.28236
0.0007812957464712387 0.35663
0.0009210510313880559 0.06811
0.0010815369924665472 0.4525
0.0007852409509189556 0.35853
0.0007056275643834147 0.13087000000000001
0.000711470379106161 0.12765
0.0006480506051347007 0.18659
0.0006418360087478277 0.21698
0.0009008853754575351 0.4039
0.0007711633204710856 0.35159
0.0008521696040945724 0.08093
0.0006487236970489535 0.18513
0.0007979098634731891 0.36443000000000003
0.0017905594914947108 0.55516
0.0009229852311654871 0.0678
0.001366312233108647 0.50415
0.0015917671972592068 0.53387
0.000648369630844969 0.18589
0.0009600543138683023 0.42194
0.0006696842018616259 0.15697
0.0007289092863850524 0.11905
0.0006439398715503504 0.19826
0.0009451219340108509 0.06441000000000001
0.0007006873628667715 0.30778
0.0006421107896677262 0.20874
0.0006999955873740635 0.30724
0.0008308490133554675 0.3785
0.001916657644101198 0.56694
0.0007151031475035506 0.31845999999999997
0.0007422462933353083 0.1133
0.0006897153799744917 0.29869
0.0009746278475102963 0.06031
0.0006548879423661749 0.17437
0.0020053255004163976 0.57457
0.0006958823586654035 0.13672
0.0006957568289633153 0.30382
0.0008530123189056647 0.38711999999999996
0.0006596895268456575 0.16785
0.0007167050177950932 0.12492
0.0010021811711522783 0.43338000000000004
0.0011561261286676706 0.46818000000000004
0.0007314660427466815 0.32928
0.0010348043126974435 0.05315
0.0006459053677780393 0.19188
0.0007627674329470067 0.1055
0.000707486548501858 0.12982
0.0009363600811898451 0.41502
0.0009032396584231178 0.40467
0.0016408620464554867 0.02083
0.0006433868496665596 0.22996
0.001010621956180856 0.43556000000000006
0.00105780756168921 0.050769999999999996
0.0006426610600522634 0.226
0.0006710757894503319 0.15565
0.0008979078477179251 0.40292
0.0012339767372120632 0.48272
0.0014473543707437713 0.0268
0.0007673321952159698 0.10392
0.0006516954899379339 0.17948
0.0007430618787340268 0.3363
0.0008969920372602331 0.40262
0.0006999202385358042 0.13422
0.0013831610749899144 0.50664
0.0007230230212950133 0.32385
0.0007063276769566626 0.13047
0.0011236681269957078 0.46158999999999994
0.0006418484858232989 0.21285
0.0009681524706017236 0.06117
0.0023007990252336187 0.0106
0.0006450390094783818 0.23644
0.0007781543516218985 0.10032999999999999
0.0006512629619513836 0.18024
0.0007590516662390785 0.10683
0.0006592429175259072 0.16841
0.0016626369919454844 0.54189
0.0006657645196607094 0.16091
0.0007124593065346443 0.12712
0.0010596667254155058 0.44751
0.0006424834759622307 0.22479000000000002
0.0008968332904766934 0.0722
0.0007063017673849944 0.13049000000000002
0.0008650941843077823 0.07823
0.0006484924502422654 0.24593
0.0009887962062882722 0.42986
0.004275536726172292 0.0030800000000000003
0.0006489119716348881 0.2469
0.0007029320472401859 0.13242
0.0011087076832416365 0.046060000000000004
0.0009611394232889727 0.42225
0.0016765447393413738 0.01995
0.0009030212155336061 0.07112
0.0006948265384100346 0.1374
0.0012663652026327686 0.48831
0.0007576253477451516 0.10735
0.000714849356955031 0.12587
0.0007731112939317847 0.35258
0.0006519763943903239 0.179
0.0007674183433035096 0.10389000000000001
0.0008461689936472455 0.38452
0.0016767704739413813 0.01995
0.0006421175401314598 0.22163000000000002
0.0007454550591580734 0.33769
0.0007160575473820614 0.12525
0.0006432243131864047 0.20135
0.001308529511498069 0.49523999999999996
0.0006500391485490063 0.24936
0.0008349177203500471 0.38013
0.0007693472095128318 0.10323
0.0006466053451365247 0.24115999999999999
0.0008044026668991035 0.36734
0.0007694251788034925 0.35070999999999997
0.0007622424417134822 0.10569
0.0007068652728230972 0.13017
0.000675924211354208 0.15132
0.000688212107899936 0.14184000000000002
0.0014697315251771177 0.02598
0.0009470695160757001 0.4182
0.001104135659600687 0.45745
0.0009893661300173556 0.05842000000000001
0.0014531927528455165 0.02658
0.0006584875224697721 0.26413000000000003
0.0007883977678115982 0.09715
0.0013424136668861119 0.50054
0.0021146735369160434 0.01254
0.00102761918623173 0.43983
0.0006418116941287862 0.21548
0.0008195385265575312 0.37385
0.0012045144722979677 0.038860000000000006
0.0006426574307717284 0.20443
0.0009506537192075825 0.41923999999999995
0.0009244336320232751 0.41139
0.0008991435424753941 0.40333
0.0010144746326335979 0.43654
0.0006841506008248985 0.29366
0.0008931824609733961 0.40135
0.0013257288991530927 0.49796
0.0006644928509914874 0.16227
0.0016095629396884025 0.02165
0.000906852001346358 0.40584000000000003
0.0012110135207073396 0.03843
0.0006724379923995136 0.15439
0.0007195417964660641 0.1235
0.0008184472293410091 0.08884
0.0006578780483742398 0.17018
0.0008722303058419228 0.0768
0.0006747752172716338 0.15231
0.0009202088348517552 0.06824
0.0008199249858568062 0.37401999999999996
0.0006426026418469558 0.22560999999999998
0.0006467877451014442 0.18955999999999998
0.0008802651868160474 0.07524
0.0006727837586464377 0.28219
0.0008071790664114643 0.0918
0.0010923812545960197 0.04749
0.0018136612496264983 0.5574100000000001
0.0006419312584851157 0.2192
0.0010375962691770845 0.44227
0.0012809958194887284 0.49076000000000003
0.0006448114206429596 0.23565999999999998
0.0015094334700886342 0.024630000000000003
0.0006518581697748153 0.25301
0.0006486633138193614 0.18525999999999998
0.0007261326767324732 0.32588
0.0007561659254787747 0.3437
0.000656971624922755 0.26181
0.0006499816373003518 0.24924000000000002
0.0006949487691627063 0.13732
0.0022256832497297204 0.01133
0.0006935703756269604 0.13821
0.000642178119155905 0.20806
0.0006641169442593636 0.16268
0.001670665221128727 0.54277
0.0017510392974203262 0.5512199999999999
0.0006420577860624572 0.22096
0.0016545566189096195 0.02049
0.0010471383958919995 0.05185
0.001738882963869075 0.54998
0.0006709314889344581 0.28013000000000005
0.0006562343033793299 0.17242000000000002
0.0013761589945152069 0.029660000000000002
0.0006586417980549091 0.26436
0.0006930564069651625 0.30156
0.000665663091044959 0.27388
0.0006432281962248234 0.22919
0.0007277265977529841 0.32691
0.0019388945990484873 0.01492
0.0013158107967901434 0.4964
0.0009386690672100435 0.06537000000000001
0.0010030644874186245 0.05675
0.0018975450493663973 0.015580000000000002
0.0007093274553273936 0.12880999999999998
0.000648293840595937 0.24545999999999998
0.0006902330493528674 0.29914
0.0008167389242888807 0.08928
0.0013595914319074667 0.0304
0.0006995411190233846 0.13445
0.0007257817949088379 0.1205
0.0006428912439449129 0.20306
0.0013485918211013632 0.50149
0.0014123625826450651 0.51083
0.001158412195834116 0.042089999999999995
0.002813069359859444 0.0071
0.0006421311926545461 0.20851999999999998
0.0007663455529654342 0.10425
0.0007802266972687775 0.35611
0.0007370668706365558 0.33273
0.0017606494090515368 0.018090000000000002
0.0009391926150865599 0.06529
0.0006990423530564969 0.13475
0.0006740270426838077 0.15297
0.0021671618882560164 0.58732
0.0007982224190359193 0.09427999999999999
0.0006453554379020754 0.19347
0.000733308822030123 0.11709000000000001
0.002638709326936641 0.00806
0.0015473091483954992 0.52855
0.0009734870211747925 0.06046
0.000649513790636309 0.18352000000000002
0.0006558042376584483 0.17303
0.0006709020517598791 0.2801
0.0016378078633831502 0.020909999999999998
0.0009945093055639144 0.43137
0.0012156294563843368 0.03814
0.0008340081199816803 0.37977
0.0008046367420690642 0.09249
0.000674021052039803 0.28353
0.0006725258223842262 0.15431
0.006795897384792369 0.00122
0.0006420751393990495 0.22116
0.0007543544064913924 0.10855999999999999
0.002096751871547275 0.012759999999999999
0.0013697283034200642 0.50466
0.0006939086736572367 0.13799
0.0007927560613063761 0.36206
0.0010708450551463644 0.45008000000000004
0.000655142567272167 0.25886
0.0006471127142517105 0.24251999999999999
0.0006456007074004357 0.23824
0.0009764010385889949 0.060079999999999995
0.0053029550453981235 0.002
0.0011896586811836073 0.47465
0.0006601869223455025 0.16724
0.0006722081435874614 0.28156
0.0014083700350018935 0.028310000000000002
0.0006781576596231922 0.14945999999999998
0.0007548436834836642 0.34298
0.0007525369970837073 0.3417
0.0010971899240382647 0.45595
0.0006781641978142884 0.28785
0.0006698385903680517 0.15682000000000001
0.0024561624366871045 0.0093
0.0007158263809288056 0.12537
