0.0010448708912995119 0.24329
0.0009906727614952039 0.33304
0.001006366606764903 0.27726999999999996
0.0009960661965639679 0.29359
0.0010217885770391715 0.26098000000000005
0.0009993441690820237 0.28748
0.000995751051311718 0.29425999999999997
0.0010278304650182144 0.2558
0.0009943129525572623 0.34523000000000004
0.0009915083238364764 0.30588000000000004
0.000991166641718534 0.30724
0.0009912086393702654 0.30706999999999995
0.0009915739281067839 0.30563
0.0009948310994624956 0.2963
0.001001322016286968 0.2843
0.0010016932773992012 0.28373000000000004
0.000992304498470295 0.3031
0.0009896115151207037 0.32483
0.0009937593792600002 0.29891999999999996
0.001001186051099521 0.28451
0.0009906254131770646 0.30973
0.0009919951964997417 0.30413
0.0009915357402253263 0.30577
0.0010313371567756632 0.253
0.0009896454868663699 0.31711
0.0009895023427418717 0.32119000000000003
0.0009903963085265454 0.31096
0.0009946612770301635 0.2967
0.0009895133688677528 0.32009
0.0009930120051584769 0.30096
0.0009918251398272496 0.33789
0.0009980618699689657 0.28972
0.0009936183827735207 0.29929
0.0009976794300631433 0.29041999999999996
0.000996418960187254 0.35002
0.000989506400035893 0.32054
0.0010037849802894399 0.2807
0.00100767504947463 0.27564
0.0010131267119324898 0.26942
0.0010020025006036942 0.28326999999999997
0.000989561511207649 0.32388
0.0010202751738150578 0.26235
0.000995327530321692 0.29518
0.0009961400643481708 0.29344000000000003
0.0009939539942920388 0.29841999999999996
0.0009911764904695522 0.3072
0.0009924712522068537 0.30258
0.0009897391477570194 0.31594
0.0009939432285993074 0.34429
0.0009919067770133164 0.30443000000000003
0.001019422000617521 0.26315
0.0009934103071643512 0.29985
0.00099817950623806 0.28951
0.0009897458963806774 0.32661
0.0010192898573613786 0.26327
0.0009972018680720616 0.29133000000000003
0.0009935495464754433 0.34324
0.0009994714370745114 0.28726
0.0009914002081576644 0.3063
0.0010174744188502763 0.26500999999999997
0.0009947522217078368 0.29648
0.001029331741075439 0.25459
0.0009978910548223445 0.29003
0.001033165736870707 0.2516
0.0009980697203820035 0.28970999999999997
0.000996807042250035 0.29209
0.001000327990290207 0.28586
0.0009924116637177861 0.30276
0.0010083553220023296 0.27481
0.0009970966564473768 0.29153
0.0009940833195567328 0.2981
0.0009996271686141375 0.287
0.0010098799333935994 0.27302
0.00101325011402687 0.26929000000000003
0.0009988117649586032 0.28839000000000004
0.001009544850412184 0.27341
0.0009898684803183319 0.32783
0.0009900195210677844 0.31342
0.001014842762455862 0.26763000000000003
0.001007399589220261 0.27598
0.0009911133801459985 0.30746
0.0009948216196584388 0.29632
0.0009895764185732458 0.31827
0.000995626852950467 0.29452
0.0010000058313038298 0.28638
0.0009971683928706328 0.29139
0.000989648902245064 0.31706999999999996
0.0009935347917775549 0.29951
0.0009895024955966728 0.32134
0.0010217021815224377 0.26105
0.000993191487752305 0.30045
0.0009901150444670563 0.31273
0.0010102808530145547 0.27255999999999997
0.0010025001419531755 0.28253
0.0009915763994153115 0.30562
0.000995798455570598 0.29415
0.000989882551379203 0.32796
0.0010036840207223602 0.28084000000000003
0.001016632980673163 0.26583
0.0010265921652625385 0.25682
0.0010236581689940906 0.25932
0.000991382586075834 0.30635999999999997
0.0009903953449987297 0.31096999999999997
0.000990513998865453 0.31031
0.0010105608633653271 0.27224
0.001020634549110087 0.26202
0.0009964020535482131 0.2929
0.0009895691526380518 0.31842
0.000990606673402968 0.30982
0.0010199192062279186 0.26268
0.0009895333591699892 0.32315
0.000991839423051333 0.30467
0.0010020133123212495 0.28325
0.0010088217066965646 0.27426
0.0009922317730746053 0.30334
0.0010003855213199758 0.28576999999999997
0.000993185402746737 0.30046999999999996
0.0010171042875913399 0.26537
0.001009515338022923 0.27344
0.0010058104366198583 0.27799
0.0010131346635627212 0.26942
0.0009903878508103446 0.31101
0.0010516619019491976 0.23893000000000003
0.0009905340437987814 0.33232
0.0009959407153075264 0.29385
0.0009895187621913144 0.31983
0.0010018207908574163 0.28354
0.0009915455229325932 0.30574
0.0010100344834423215 0.27284
0.0010041179854184438 0.28024
0.0010178405154534175 0.26465
0.0009895312246284652 0.31938
0.0009915958327423426 0.30555
0.0010134663478167 0.26905999999999997
0.000999922393349758 0.28652
0.0009897620580162692 0.31569
0.0010352660460288138 0.25001999999999996
0.000989536153213562 0.32323
0.0010075889102750045 0.27574
0.0009911300572221988 0.30739
0.0009945375492072537 0.29699000000000003
0.0009916937591612773 0.30519
0.0009903719170537583 0.3111
0.0010043222611732568 0.27996
0.000997810857128125 0.29018
0.0009899604981601898 0.32861
0.0010007162710455198 0.28524
0.001017309919207528 0.26516999999999996
0.0009944470758162926 0.29721
0.0010075029587294367 0.27585
0.0009896549496449835 0.31698000000000004
0.0009973791296875015 0.29099
0.0009949136910088318 0.29611
0.001018439193265111 0.26408000000000004
0.0009935001040278207 0.29961
0.0010135432311623265 0.26898
0.0010122788254156299 0.27034
0.0010202256264083855 0.2624
0.0009906395966806964 0.30966
0.0010002098370837618 0.28605
0.0009931909608990373 0.30045
0.0010278983162728065 0.25575
0.0010040014165136576 0.2804
0.0009925516991086559 0.30233000000000004
0.0009906912593583362 0.3094
0.0010028778253992588 0.28199
0.0010016951505721118 0.28373000000000004
0.000989512299258331 0.32232
0.0010092611307599608 0.27374
0.000990151164786205 0.31248000000000004
0.0009909843037147017 0.33453
0.0009999588178817664 0.28646
0.000999675594399595 0.28692
0.0009896632722801973 0.31687
0.0009991185815886705 0.28786
0.0010091210701115654 0.2739
0.0009895491077047236 0.31888
0.0009917441106927166 0.30501
0.0009923268218194948 0.30303
0.0009944950276957391 0.29709
0.0010054211928980082 0.27849
0.001011926071895354 0.27071999999999996
0.0009946764264938174 0.29666
0.0010058616609391153 0.27792
0.0009989458159998204 0.28815999999999997
0.0009927598276650823 0.3017
0.0009952955548559856 0.29525
0.0009896400346085829 0.31719
0.0009906852428287255 0.30943000000000004
0.0009908495297469833 0.33391
0.0010002180895591834 0.28604
0.0009906649971448448 0.30953
0.0010220953564377758 0.2607
0.00099588667898379 0.29397
0.0010011519996523308 0.28456
0.0009949847872005957 0.29595
0.0010268858412441283 0.25658000000000003
0.0009911607011485917 0.30726
0.0009918434086888196 0.30465
0.00099213411045649 0.30366
0.00099098816493549 0.33455
0.0009970010771073639 0.29170999999999997
0.0010176115932183586 0.26487
0.0009895771770473748 0.31825
0.0009895150624315949 0.32
0.0009895069847008298 0.32197
0.0009995451044823474 0.28714
0.000989551786499144 0.31881
0.0010148040944943316 0.26766999999999996
0.0010358704103384546 0.24958000000000002
0.0010071047680437666 0.27634000000000003
0.001026104773790995 0.25723
0.0009908200583310408 0.30878
0.0009923536904006857 0.33969
0.0009895067485897419 0.32051
0.0009928753286442818 0.30136
0.0010046232676370495 0.27956
0.0010047627213564674 0.27937
0.0010241303632933217 0.25891
0.001002671901544149 0.28228000000000003
0.0010000716799173077 0.28626999999999997
0.000995976361907757 0.29378000000000004
0.000993001504014936 0.30099000000000004
0.0009952088508232576 0.29544000000000004
0.0010065391944285194 0.27705
0.0010065125980673233 0.27708
0.0010017479822054395 0.28365
0.0009990022261567462 0.28806
0.00102615220461705 0.25719000000000003
0.0009925647709069906 0.30229
0.000997724989774308 0.29034
0.0009996702934998668 0.28693
0.0009905532561692398 0.33242
0.000992388137736198 0.30284
0.0009984067453864727 0.2891
0.0010243186824662293 0.25875
0.0009967149400293336 0.29227
0.000997029813248682 0.29166
0.0009895055268738901 0.32184
0.0009898110881114055 0.31519
0.001002142517472379 0.28306
0.0009902090574663172 0.33041
0.0009934620871491636 0.29971
0.0010125713161644602 0.27002
0.0010098573844105072 0.27304
0.0009954530751896786 0.2949
0.0010130222226730273 0.26954
0.0010311060307747516 0.25318
0.000994424303631514 0.29725999999999997
0.000989622365192279 0.31745999999999996
0.0009912581864027518 0.33571
0.001003338793009149 0.28133
0.000989563564176721 0.31854
0.000989849546154837 0.32766
0.0010050461027449448 0.27899
0.0009963421657106979 0.29302
0.001003400415570918 0.28124
0.0009931810483493812 0.34221
0.0010156601986873555 0.2668
0.0010030454468721297 0.28175
0.000991097824691013 0.33503
0.0009905076234918908 0.31035
0.0010197835860395574 0.26281
0.0009910643367672751 0.30767
0.0009919914052516532 0.33848
0.0009970406382498246 0.29164
0.0009898665111668253 0.31467
0.0010194693442583406 0.2631
0.0010115624911288218 0.27111999999999997
0.00099491001126804 0.29612
0.000989752744537694 0.31579
0.0010009423730440172 0.28489000000000003
0.0010053916825667674 0.27853
0.000990383718117933 0.31104
0.0009897868644608418 0.31543000000000004
0.0009895570743023777 0.32378
0.0009958435080732369 0.29406
0.0009924491975228855 0.30264
0.0009895537782888771 0.31876
0.0010022928427790418 0.28284000000000004
0.0010006029921672654 0.28542
0.0010039365325505522 0.28049
0.000993613495161743 0.29930999999999996
0.0010070927013078447 0.27636
0.0009903127906838564 0.31145
0.000989931097652411 0.31411
0.0009895745601806647 0.31831
0.0009895144162131338 0.32243
0.0009904730575395562 0.33199
0.001000301714606035 0.2859
0.0009919113190647302 0.30441999999999997
0.0009981573099248576 0.28955
0.001012733372562598 0.26985
0.0009950442480923876 0.29581
0.0009974644056410414 0.29083000000000003
0.00098961562255559 0.31756999999999996
0.0009895414666485063 0.32338
0.0010152419548362748 0.26721999999999996
0.0009950404828501954 0.29581999999999997
0.001008754184351079 0.27434000000000003
0.0009987257262278001 0.28854
0.0010230401055640246 0.25986
0.001001283900062045 0.28436
0.0010332216719990649 0.25155
0.0010229981990264767 0.2599
0.0009895048915068102 0.32178
0.0010447566911764101 0.24336999999999998
0.0009904002765773108 0.33157
0.0009958857646613754 0.29397
0.0009904169388731813 0.31085
0.0009910245846030863 0.30785
0.000990017956036682 0.31343000000000004
0.0009992559645652021 0.28763
0.0009896306779115754 0.31733
0.001001420979574088 0.28415
0.0009935633247361143 0.29944
0.0009899889690039461 0.31365
0.000990666509602876 0.30951999999999996
0.0009917863104046503 0.30485
0.0009897455938516523 0.31587
0.00100396885338953 0.28045
0.0010074866315167347 0.27587
0.0009895097826733508 0.32216999999999996
0.001003280856736419 0.28141
0.0010050252671575297 0.27902
0.0009895278227204513 0.31949
0.0010076332718440078 0.27569
0.0009898219656856195 0.3274
0.0009900608953263737 0.32939
0.0009911146860536013 0.30746
0.001015592616285088 0.26687
0.0009895315591503554 0.32309
0.0009943163303303075 0.29752
0.000990947244751077 0.33436
0.0009897557696408497 0.31576
0.0010169349899542552 0.26553000000000004
0.000991434405724316 0.30616
0.0009936476098462927 0.29922
0.0010212018364951963 0.26150999999999996
0.0009904467900874667 0.31068
0.000994435035834638 0.29723
0.0009945441230862551 0.29696999999999996
0.0009895672968647698 0.32400999999999996
0.000992811453111259 0.30154000000000003
0.0010110587868507204 0.27168000000000003
0.0009990042157013658 0.28806
0.0009899300301010098 0.32836
0.0010139197632394433 0.26859
0.0010077053534534425 0.2756
0.0009966881599430275 0.29233000000000003
0.0009903699372379633 0.31112
0.000990661479613493 0.30955
0.0009978873958488513 0.29004
0.0010130806807475197 0.26947
0.0009895029590254883 0.32149
0.0009960791360877073 0.29356
0.001017073517751506 0.2654
0.0010047433682922385 0.27939
0.001011556916325264 0.27113000000000004
0.0010009351619270077 0.2849
0.001024910469837938 0.25824
0.0009911820892209856 0.33539
0.0010165403080065762 0.26592
0.0010186435444183145 0.26388
0.0009929395198028236 0.30117
0.0009943566286183204 0.29741999999999996
0.0010030417388803283 0.28175
0.0009896951186518857 0.32602
0.0009908196880744299 0.30878
0.0009895751646774357 0.31829
0.001007159151611702 0.27626999999999996
0.0009901537640661937 0.31246
0.0009895550207720271 0.31873
0.0009899774968488782 0.31374
0.0010109136724521586 0.27184
0.0009966984236658312 0.29231
0.0010011374741430976 0.28458
0.0009895182822983342 0.32261
0.0010290083126645515 0.25485
0.000989654491454766 0.31699
0.001005412754265271 0.2785
0.0009897678513441938 0.31563
0.0009944188886051902 0.29727
0.0009905635290595896 0.31005
0.0010163472795213097 0.26611
0.0009902498992588552 0.33066999999999996
0.0009898527656473906 0.32769000000000004
0.0009912424169136263 0.30693000000000004
0.0009984119379594814 0.28909
0.0009907306766264495 0.3092
0.0009971102614601335 0.2915
0.0010106567304540353 0.27213000000000004
0.0010049023453303147 0.27918000000000004
0.0010084253482104861 0.27473000000000003
0.0009895026336711444 0.32104
0.001006413948347702 0.27721
0.000990220804834864 0.31201999999999996
0.0009996409689517567 0.28698
0.0009903601809107784 0.31117
0.0010228843092902964 0.26
0.0009922321429570308 0.30334
0.0009935979062171499 0.29935
0.000990294234073591 0.31156999999999996
0.0009903634497958258 0.33136
0.000990818198067532 0.30878
0.0009943357178196078 0.29748
0.0009925537285040377 0.30232
0.000989524788075564 0.3196
0.0009901255366301437 0.31265
0.0010422225449194956 0.24508000000000002
0.0009899895168116052 0.31365
0.0009976311997896405 0.29051
0.0010136152012644646 0.26891
0.0009929537757113612 0.30113
0.0010083302283703404 0.27484000000000003
0.0010092234536417917 0.27378
0.001005904966369377 0.27786
0.0010422306654945073 0.24506999999999998
0.0010126774692400128 0.26991
0.0009895899601615502 0.31801
0.0010004943702153913 0.28559
0.00099042300573075 0.31081
0.00099123279173848 0.30696999999999997
0.000999394007605061 0.28739000000000003
0.001030266476060652 0.25384
0.0009901413431636398 0.31255
0.000989904191839757 0.31434
0.0009934307305863724 0.29979
0.0009919224815812477 0.30438000000000004
0.0010094903708656525 0.27347
0.001028907880324925 0.25493000000000005
0.0010031334173358835 0.28162
0.0010068152283093511 0.2767
0.0009949807989438099 0.29596
0.0009928494939377916 0.30143000000000003
0.0009920922138348597 0.3038
0.0009913838220107368 0.33621999999999996
0.0010403738454281973 0.24635
0.0009904606145600542 0.3106
0.0009897298875998863 0.32643
0.0009982037124889951 0.28947
0.0009921034345372315 0.30376
0.000989512999920791 0.32011
0.000997491989665022 0.29077
0.0009895711446148777 0.31838
0.0009898621322603155 0.31471
0.0009927981023575897 0.30158
0.0009895556596938699 0.31872
0.0009895430709690924 0.31903000000000004
0.000997449032788609 0.29086
0.0009952642998845738 0.29531999999999997
0.0009922185699371394 0.30338000000000004
0.0010384110889397737 0.24774000000000002
0.0010069581677543482 0.27652
0.001023177381523486 0.25974
0.0010097767425580285 0.27314
0.0009896143613631618 0.31759
0.0009904210878426648 0.31082
0.0010056888899245748 0.27814
0.0010060654609169897 0.27766
0.0009895529481582133 0.31878
0.0010186770095167333 0.26385
0.000989659568217344 0.31692
0.0010051011155058985 0.27892
0.000989770543796387 0.32688
0.00100102436533218 0.28476
0.001031893067610115 0.25256999999999996
0.000990904601067977 0.30838000000000004
0.0009904356833245977 0.33178
0.001016293658730637 0.26616999999999996
0.0009936917235173629 0.2991
0.0009956391687068787 0.2945
0.0009910938029446198 0.30755
0.0010040960233454015 0.28026999999999996
0.000993149661290467 0.30057
0.0009895113942905555 0.3202
0.0010128059005754051 0.26976999999999995
0.0010214628761993816 0.26127
0.0009895489222957788 0.31888
0.0009949540276508648 0.29602
0.0009901632412509514 0.3124
0.0009906572584261965 0.30956999999999996
0.0009903442413543159 0.31127
0.0009897820410218873 0.31548000000000004
0.0009907428544954826 0.30914
0.0009917721037015137 0.30491
0.0009895235313733626 0.32281
0.0010175791189633015 0.2649
0.001030508406856686 0.25365
0.0010211021667457401 0.2616
0.000998093070870564 0.28967
0.0009957858660974495 0.29418
0.0010084025840706974 0.27475
0.0009962699218918232 0.29317
0.0009908085470735819 0.30883
0.0009933604821119938 0.29999000000000003
0.0009899175568124773 0.32826
0.0009961805147426137 0.29335
0.0010074047209881166 0.27597
0.0009945506384052168 0.29696
0.00101204301704372 0.27059
0.001002187056779523 0.28299
0.0010050445156368944 0.27899
0.0009903830380356786 0.33148
0.0010035314723792887 0.28106
0.000990656335497514 0.30956999999999996
0.0010040906013966447 0.28028000000000003
0.0009896599064810898 0.31690999999999997
0.0009990126784690716 0.28804
0.0010124535354597399 0.27015
0.0009907731478100063 0.309
0.0009935109434351076 0.29958
0.0010373401229082735 0.2485
0.0009922298226323766 0.30335
0.0009949905848316543 0.29593
0.001001180750761071 0.28451
0.0010000131163224871 0.28636999999999996
0.0010082360782320719 0.27495
0.0009895159105231656 0.3225
0.0009914837540642703 0.30596999999999996
0.001002447837734394 0.28261
0.0009962621884117727 0.29319
0.0010075407005817074 0.2758
0.0009900032924529771 0.31354
0.0009895786694864787 0.32424000000000003
0.0009896624726456566 0.31688
0.0009936071489746543 0.29932
0.0009919625982021715 0.30424
0.0009986482269727427 0.28868
0.001007427022447461 0.27594
0.0009910638826930987 0.30768
0.0010054495973238276 0.27846
0.0010228040653841605 0.26006999999999997
0.0010098911718697855 0.27301
0.0010087738281574878 0.27431
0.000989583296103829 0.32433
0.0009916539321599765 0.30533000000000005
0.0010019709792121643 0.28331999999999996
0.0009907575644781967 0.30906999999999996
0.0010207939514100513 0.26188
0.0009899857972200511 0.31367
0.0010112900432552993 0.27142
0.0009895033165597904 0.3209
0.0009957087322345908 0.29435
0.0010398557007680774 0.24670999999999998
0.0009897411215858457 0.31592
0.001039249942243042 0.24714
0.0010028674711235496 0.282
0.0010124635340720744 0.27014
0.0009897881136793321 0.31542
0.0010008836594007872 0.28498
0.0009955748654797616 0.34820999999999996
0.0010122025910948562 0.27042
0.0010012490912632822 0.28441
0.0010091704380962617 0.27384000000000003
0.001010878323329448 0.27188
0.0009944658893049445 0.29716
0.000989868864981087 0.31465
0.0009900852037299664 0.31294
0.000992298498217756 0.30312
0.00103031684162405 0.2538
0.0009967438976885028 0.29222
0.0010041441982394414 0.28021
0.0010002547009968787 0.28598
0.0009904973120604284 0.3104
0.000996278837236963 0.29315
0.0009895167733950656 0.31992
0.0009998566257474538 0.28662
0.0009906113703672032 0.3098
0.0010001638371432864 0.28612
0.0010127004389947664 0.26988
0.0009895652554954499 0.3185
0.0009928684857258626 0.30138000000000004
0.0009918376611986264 0.30467
0.0010022250261366142 0.28294
0.0009895812612827563 0.31817
0.000989891882070314 0.31445
0.0010039588555255665 0.28046
0.0009900784597836282 0.31298000000000004
0.0010058405767053955 0.27795
0.001024911018581061 0.25824
0.0009913835267783304 0.30635999999999997
0.0009991093416375576 0.28788
0.001002807080006457 0.28209
0.0009935125737615903 0.29957
0.0009995384527727493 0.28715
0.0009916999880411929 0.30517
0.0009965123765476405 0.29268
0.001010054304051407 0.27282
0.0010126843849375229 0.2699
0.0009906531014117234 0.33294
0.0009904365005458595 0.31074
0.0009998297515534799 0.28667
0.0009918212930126052 0.30473
0.0009990636981088276 0.28796
0.000996788348687855 0.29213
0.000992027425101979 0.30401999999999996
0.001019883117901635 0.26272
0.0009904964546142189 0.31040999999999996
0.0010092377875680185 0.27376
0.0010004727391094768 0.28563
0.001006181776311059 0.27751
0.0009923313938057534 0.30301999999999996
0.0010398661613124853 0.24670999999999998
0.0010044071550833406 0.27985
0.0010044880345436498 0.27974
0.001006226595134816 0.27745
0.0009943542153085549 0.29743
0.0009923492634113314 0.30296
0.0009925976548952355 0.30219
0.000991086085928734 0.30758
0.001002936941104872 0.2819
0.0009962068343935886 0.2933
0.0009933710564088117 0.29996
0.0009979206527130063 0.28998
0.0009951992851436153 0.29546
0.0009897007138485565 0.31639
0.0009957788484343743 0.2942
0.0009929074637001292 0.30126
0.000989661743545094 0.32558000000000004
0.0009922118508741407 0.3034
0.0010080368032801682 0.2752
0.0009897492904307945 0.31583
0.0010086017942884992 0.27452
0.0009929349238686892 0.30118
0.0009905248867297701 0.31025
0.0010258889456183115 0.25740999999999997
0.001009595673791614 0.27335
0.0009895830618636685 0.32433
0.0010083591862166024 0.27481
0.001026987340386785 0.2565
0.0010175172586066091 0.26496
0.000993023455984968 0.30093000000000003
0.0010001245669300982 0.28619
0.0009904992926245946 0.31039
0.001005524579245534 0.27836
0.0009895503228723281 0.32361999999999996
0.0010050304125831578 0.27901
0.0010135335202986872 0.26899
0.0010082399024084895 0.27495
0.0010204284881159694 0.26221
0.0009895921770238974 0.3245
0.0009899134205653029 0.31426
0.001004785535637121 0.27934000000000003
0.001001974194401584 0.28331
0.0010018439759559596 0.28351
0.0010013736389267527 0.28422
0.0010036767025882807 0.28085
0.0009915622739104415 0.30567
0.0009900411411352251 0.31325
0.001011112794736354 0.27162
0.0009922655253604407 0.30323
0.0009939117704451368 0.29853
0.0009912864991531095 0.30675
0.0009895305430494686 0.3194
0.0009908247871010488 0.30875
0.0009927623977585974 0.30169
0.0009984086610294444 0.2891
0.0009936238299798027 0.29928
0.0009972848618678744 0.29117
0.0010011612517644743 0.28455
0.0009917117645962138 0.30512
0.0010168502395443333 0.26561999999999997
0.0009912520211343811 0.30689
0.0010003369200414908 0.28584
0.0010250357494083632 0.25813
0.0009916251322200204 0.30544
0.0009997554884422332 0.28679
0.0010033213765422834 0.28135
0.0009945502241818025 0.29696
0.001021023595074869 0.26166999999999996
0.0009926449790784058 0.30204000000000003
0.0009895184198115273 0.32261
0.0009995440509629045 0.28714
0.0010083515745339519 0.27482
0.0009956941346946375 0.29438000000000003
0.0009945380872860882 0.29699000000000003
0.0009942429237298066 0.2977
0.0009897087724958582 0.31629
0.0009895101577943742 0.32027
0.0009940214814640816 0.29825
0.001017002266272735 0.26547
0.0009912261980276438 0.33558000000000004
0.0010110371652865373 0.2717
0.0010099220683714312 0.27297
0.0009957933563568865 0.29417
0.0009895074232463056 0.32045
0.0010020363279137346 0.28321999999999997
0.0009895029556578182 0.32097
0.0009895188576086319 0.31983
0.0010070614495170105 0.27639
0.0009901185163477698 0.3127
0.0010081040191676804 0.27510999999999997
0.0010061197544932981 0.27759
0.0009897086282473248 0.32618
0.0009992464813934757 0.28764
0.0010014582890549447 0.28409
0.0010011451455083451 0.28457
0.0009967403794087799 0.29222
0.0009975475231051819 0.29067
0.0009942201979440378 0.29775999999999997
0.0009998283601444767 0.28667
0.0009999634860337137 0.28645
0.000993230241028143 0.30034
0.00101492584680458 0.26755
0.0009896188321322265 0.31751999999999997
0.0009986344784598236 0.2887
0.0009895033833519128 0.32088
0.0009967240703440774 0.29225999999999996
0.0009917349833714574 0.30504000000000003
0.0009950994322303276 0.29569
0.0009969696732100993 0.29177
0.0009946456138097367 0.29673
0.0010341000054336204 0.25089
0.0009897556244568525 0.31576
0.0009977000379586456 0.29039
0.0009976289151997072 0.29052
0.0010047172581851768 0.27943
0.0009946289096050835 0.29677
0.000990192304617541 0.3303
0.0009895072176313406 0.32047
0.0010059132562633545 0.27785
0.0009901084196988184 0.31277
0.00101836548039373 0.26415
0.0009927681284104407 0.30167
0.0010053938399336108 0.27853
0.0009901857571186215 0.31225
0.0009901265332733816 0.31265
0.000992973319797318 0.34160999999999997
0.0009923147657478614 0.30307
0.0009908549159610193 0.30861
0.0010012163509622923 0.28446
0.000994189860288525 0.29783000000000004
0.0010142014862375211 0.26829000000000003
0.0009961659005514028 0.29338000000000003
0.001007442792684958 0.27592
0.001017991978284181 0.26450999999999997
0.000989614497005427 0.31759
0.0010090172693535326 0.27402
0.0009977884348068445 0.29022
0.0009915400935001251 0.30576
0.0009911156385429428 0.33510999999999996
0.0009898283996192217 0.31501999999999997
0.001003423210393923 0.28121
0.0009937830717541621 0.29886
0.0010164866945125222 0.26598
0.000989730107808088 0.31604
0.0009922417067657454 0.30330999999999997
0.0009947793071295593 0.29641999999999996
0.0010150579962347843 0.26741
0.0009903955522975296 0.31096999999999997
0.0010371464850618232 0.24864
0.0009958871470899249 0.29397
0.0009904386384550535 0.33179000000000003
0.000998245110134182 0.28939000000000004
0.0009915840328007246 0.30559000000000003
0.0009898056966587718 0.32724000000000003
0.0010036754870464907 0.28086
0.0010091984937811399 0.27381
0.001011096388570499 0.27164
0.0009912564956453015 0.30687
0.000990467272630807 0.31056999999999996
0.0009913642986920785 0.33614
0.0009895740486690048 0.31832
0.0009895181445980484 0.3226
0.000991605832290141 0.30551
0.0010317750586522035 0.25266
0.0009993631821986714 0.28745
0.0009950723956398207 0.29575
0.0009900831140907096 0.31295
0.001004271467541579 0.28003
0.0010095065639328315 0.27345
0.0009933851763008986 0.29991999999999996
0.0009932844498514223 0.30019
0.0010070982022097545 0.27635
0.001009133303734247 0.27389
0.000989666169786077 0.31683
0.000993140063243774 0.3006
0.0010288104171477129 0.25501
0.0010057758843252966 0.27803
0.0009898594734848226 0.31473
0.0009973739634945745 0.291
0.0009896507451089445 0.32543
0.0010082790442760311 0.2749
0.0010033204857935588 0.28135
0.0009905148115964884 0.33221999999999996
0.0010001281987751384 0.28618000000000005
0.0009912505657396478 0.30689
0.0009928514963918132 0.30143000000000003
0.000990930443258178 0.33428
0.0009900926601256101 0.32961
0.0009897271349038183 0.31606999999999996
0.0009895130755062742 0.32236
0.0009969699312110426 0.29177
0.0010070502710976066 0.27641
0.0009941412640615452 0.29795
0.0009977007184150857 0.29038
0.00098952324717943 0.31966
0.001008268310389072 0.27492
0.0009904701880975933 0.33197
0.0009925508790810025 0.30233000000000004
0.0010409182191863868 0.24597
0.0009902301420742223 0.31196
0.000995453718601748 0.2949
0.001016651593785448 0.26581
0.001001583776485448 0.2839
0.0010023254526763644 0.28279
0.0009936546407929552 0.2992
0.00099707802032268 0.29156
0.001011927479394336 0.27071999999999996
0.0010022321216302857 0.28293
0.0009929258292886664 0.30121
0.0010155357524281713 0.26693
0.0010107398688725666 0.27204
0.0009901066913357193 0.31278
0.0010059870832613313 0.27776
0.0009907525122247725 0.3091
0.0009910730274139867 0.30764
0.0009999573132816319 0.28646
0.000989755811736725 0.31576
0.0009930647840316407 0.30080999999999997
0.0010136683747163006 0.26885
0.001001081804686487 0.28467
0.00099304679244157 0.30086
0.0009919400024458844 0.30432
0.0010042142018093715 0.28010999999999997
0.0009923945613796972 0.30282
0.0009928540169057418 0.30141999999999997
0.0009897973974101553 0.32715
0.000989702977109913 0.31636
0.000989918043066612 0.31422
0.0009903594121465464 0.31118
0.000992098185088018 0.30378
0.0009898938708665626 0.31443000000000004
0.0010578414952656316 0.2352
0.0010007754615882452 0.28515
0.0009923834853000444 0.30285
0.0009895837956415505 0.31811999999999996
0.0010004985476229774 0.28559
0.0010474969330396063 0.24156999999999998
0.0009943974125991898 0.29733000000000004
0.0009902275162270587 0.31198000000000004
0.0009935232552625707 0.29955
0.0009904408979745545 0.31071
0.0010012327691020853 0.28443
0.0009934421808515854 0.29975999999999997
0.0010043006633698567 0.27999
0.000991273896957652 0.3068
0.0010235498649128494 0.25942
0.0010040274345710718 0.28037
0.0009983920887252009 0.28913
0.000990416256358721 0.31085
0.0009919811505093028 0.30417
0.000991399275874343 0.3063
0.0009964132742505852 0.29288000000000003
0.0009928713865994126 0.30136999999999997
0.0010309053520657216 0.25334
0.000997056334024395 0.29161
0.000993482419269909 0.29966
0.0009900594848339071 0.31312
0.0010022887142026714 0.28284000000000004
0.0009931035672423234 0.3007
0.000990018690562935 0.32907
0.001007372805017914 0.27601
0.000996506415958771 0.29269
0.0010118001644415602 0.27086
0.0010201366884878677 0.26248
0.0010038499669664813 0.28060999999999997
0.0009897753348682907 0.31555
0.0009895034957946734 0.32086
0.000993341994538964 0.30004000000000003
0.0010158655947537336 0.26659
0.0010108635203616224 0.2719
0.0009901357466573196 0.31258
0.000990373648410342 0.31109000000000003
0.0009953435198319267 0.29514
0.0010104259458974466 0.27239
0.0009898951213947024 0.31442
0.00103722592334645 0.24859
0.0009987889615293306 0.28843
0.0009982000213355439 0.28947
0.0009929166464008514 0.30124
0.000989805084865382 0.32723
0.0009978907734348038 0.29003
0.000994469161557662 0.29715
0.0009975185645105485 0.29072
0.00102059200926348 0.26206
0.0010081119058767173 0.2751
0.0009898586946175804 0.32774000000000003
0.0009917402060664036 0.30501999999999996
0.0009897118294047863 0.31625
0.0010194167251624108 0.26315
0.001003389971490675 0.28126
0.0009910382966329132 0.33476999999999996
0.0010110634931695946 0.27168000000000003
0.0009981352144546635 0.28959
0.0009909363860732337 0.30824
0.0009919920316382796 0.30414
0.001004479539595986 0.27975
0.001016645411678727 0.26582
0.001007871186506432 0.2754
0.0009915748538418582 0.30563
0.0010061106890997488 0.2776
0.0009898092448733394 0.32727
0.000995850871670862 0.29404
0.0010171388969491995 0.26533
0.0009895987480965072 0.31785
0.0009938676605159224 0.29864
0.0010385368948021877 0.24765
0.0010021410181108423 0.28306
0.0009946317739955414 0.29677
0.000996827776246071 0.29205
0.0009895059700966852 0.32058000000000003
0.0010286488468166167 0.25514000000000003
0.0010079201035975292 0.27534000000000003
0.0009964668101011356 0.29277
0.0009965892095653093 0.29252
0.0010075465013933433 0.27579000000000004
0.001045192518381116 0.24308000000000002
0.0009980853828540591 0.28968
0.0009897975085432667 0.31532
0.0009906987838557517 0.30935999999999997
0.001013588667953535 0.26894
0.0009896979314047362 0.31642
0.0009993374554447155 0.28749
0.0010010341577682714 0.28474
0.001002014490257391 0.28325
0.0009976729244730062 0.29044000000000003
0.0009966094563717467 0.29248
0.0010005438508299412 0.28551
0.0010011819092395635 0.28451
0.0009997948638015637 0.28673000000000004
0.0009918168113921594 0.30475
0.0010029824300949663 0.28184000000000003
0.0009930085420711242 0.30096999999999996
0.0009957479811192023 0.29425999999999997
0.0009898499766553231 0.32766
0.0010038684315270992 0.28059
0.0010156899698259311 0.26677
0.0010162391004180454 0.26621999999999996
0.0009926676017760535 0.30196999999999996
0.001006716436773403 0.27683
0.0009977053266973432 0.29038
0.0009907662047969504 0.30903
0.0010205951864730653 0.26206
0.0009895250674050841 0.32287
0.000989525865917068 0.31956
0.0009932183804684646 0.30038000000000004
0.0009992424448667528 0.28765
0.0009949022819040307 0.29614
0.000993321183460703 0.30009
0.0009897437146917727 0.31589
0.0010205775664492555 0.26208000000000004
0.0009953270794280926 0.29518
0.0009906368583907721 0.30967
0.000991101589933205 0.30751999999999996
0.0009988870200357677 0.28826
0.0010019050737224814 0.28341
0.0010121739945247517 0.27045
0.0009945470232114342 0.29696999999999996
0.0009998173096965343 0.28669
0.0009992268738830666 0.28768
0.0010034794080134508 0.28113
0.0009992452729612115 0.28765
0.0009934677768276884 0.29969
0.001000772035919448 0.28515
0.000989534843377011 0.32319000000000003
0.0009897696906533114 0.31561
0.0010031647114096863 0.28158
0.0009964789237973453 0.29275
0.0009911838405964968 0.3354
0.0009936552406124071 0.2992
0.000992098008285341 0.30378
0.0009896118926739333 0.31763
0.0009969890940019143 0.29174
0.000997468813546932 0.29081999999999997
0.0010067173164836534 0.27683
0.001026492926387754 0.25690999999999997
0.0010083392834737868 0.27483
0.0010034053392916024 0.28123000000000004
0.000999489780399008 0.28723000000000004
0.0009977158319569256 0.29036
0.001028809966067021 0.25501
0.0009907612651733797 0.33348
0.000990477917087417 0.33200999999999997
0.0010027835392445396 0.28212
0.0010005519435281288 0.2855
0.0010089396232306428 0.27412
0.0010098105320753272 0.2731
0.0009998945221383606 0.28656
0.0009929663726682208 0.30109
0.0010023886816167404 0.2827
0.0009953631754251802 0.2951
0.0009895817393048088 0.3243
0.0010220249442572148 0.26076
0.0010002894748092918 0.28592
0.00099659553704312 0.29251
0.0010488009642886798 0.24073000000000003
0.000991645238145595 0.30537
0.0010197455392260556 0.26285
