0.0010208119493591262 0.37716
0.0009857199197408778 0.26763000000000003
0.0010174019043204113 0.23496999999999998
0.0009771708058965312 0.32056
0.0009969320411756966 0.35464
0.0010579523500079003 0.40216999999999997
0.0009747345870885036 0.29906
0.0010786138229489982 0.20023
0.0009846831472134897 0.2693
0.0009825485987144237 0.27303
0.0010241715593371674 0.23006
0.0009897394464075512 0.34552
0.0009873229556324672 0.34198
0.0009758636275770693 0.31536
0.000992179907238847 0.34881999999999996
0.000980203985748075 0.27779
0.0010127605095551424 0.23859
0.001034262886125141 0.22341999999999998
0.0009868507928784175 0.34125
0.0010063108202356301 0.24406
0.000988482892454175 0.26356
0.0009797094966409305 0.32771999999999996
0.0010667062637234376 0.20574
0.0010522021970401768 0.21308000000000002
0.0009806950456047606 0.32999
0.0010588909345102767 0.2096
0.0010092823386582603 0.36730999999999997
0.000990960763127047 0.3472
0.0010075777286377326 0.36571
0.0010482765498576758 0.39635
0.0009764687265959744 0.31799
0.0010849153650531254 0.19748
0.0010294411908090273 0.2265
0.0009757368729519016 0.31473
0.0009754103372961762 0.29339
0.001018655362330293 0.23403000000000002
0.0010426683358586214 0.21836999999999998
0.0009785437848356053 0.32473
0.0009813000793645347 0.3313
0.0010224986542877144 0.23124
0.001043986594387444 0.21761
0.0010227550309846987 0.37869
0.0010454996219377258 0.21675
0.0009748330555659772 0.29784
0.000980638921134426 0.27684000000000003
0.0009944368807883069 0.25604
0.0009942279411870863 0.25628
0.000986539989167604 0.34076999999999996
0.0009935613475725272 0.25706
0.001006154847497663 0.36435
0.0010104659095325564 0.36839
0.0010023694132427479 0.36057
0.0010355959192851823 0.22259
0.0010587200420608754 0.20968
0.0009746433932962113 0.30559000000000003
0.001031891869098808 0.38548000000000004
0.0010011246156408544 0.35927
0.0009773013957091194 0.28547
0.0009747336013700099 0.29907
0.0009816881858414552 0.33211
0.0009843101927201716 0.33705999999999997
0.0009993382422218533 0.35734
0.001002197309813997 0.36039
0.001019383540608893 0.23349
0.0009811151117970754 0.27584000000000003
0.000994271381475709 0.25623
0.0009833739192539501 0.27153
0.0010218194399528018 0.23171999999999998
0.0009773616176618376 0.3212
0.0009752143718573224 0.29463
0.0009803415113657863 0.3292
0.0009924362082496217 0.25841
0.0010474532491152086 0.21566
0.0009983120396960777 0.25178
0.0009795532279896603 0.32734
0.0009971151007675272 0.25305
0.000983256707023809 0.27174
0.0010144314528755779 0.37189
0.0009802586826075108 0.32900999999999997
0.0009914029207036313 0.3478
0.0009863099345521925 0.26671999999999996
0.001019865350568088 0.23313000000000003
0.0010377315518408814 0.22129000000000001
0.0009757007416859091 0.31455
0.0010135877157779229 0.37116
0.0009817100882798671 0.27464
0.0009782241324900547 0.32383
0.0010463060058236284 0.2163
0.0009760525775694921 0.29014
0.0009980801470383753 0.25203000000000003
0.0010057272865728504 0.36394
0.000975942959488651 0.29063
0.000983427105804966 0.33548
0.0009802619279458745 0.32902
0.0010424428371575026 0.2185
0.0009805713364056889 0.27699
0.0009750520245787114 0.29581999999999997
0.0009872269973843074 0.34184000000000003
0.000994187636033392 0.25633
0.000975610139720223 0.29227
0.0010219465985373815 0.37806
0.0010402254032703367 0.2198
0.0010327684901465422 0.22436
0.001058304100317527 0.20989000000000002
0.0009815797566273658 0.33188
0.0010567969358417004 0.21066999999999997
0.0010055029060860362 0.24479
0.0009761932381423545 0.31686
0.0009808213187865345 0.33027
0.0009930066203327145 0.25772
0.0009902623057981286 0.34625
0.0010367925324574114 0.22186
0.0009763385251021798 0.28893
0.0009826724004987632 0.33405999999999997
0.0010699642380887317 0.20419
0.001041215311651959 0.21921999999999997
0.0010520425564873807 0.39866
0.0009838900835611015 0.33632
0.0009919175193309788 0.25905
0.0009748882401610091 0.30903
0.0009941229007735819 0.2564
0.0009852082288302757 0.3386
0.000982519985911522 0.27308000000000004
0.0009807162068216967 0.27666999999999997
0.0009787647536901277 0.28125
0.0009855303006176444 0.26793
0.0009777524887528374 0.28406
0.0009750402123165135 0.31038000000000004
0.0010058477696697208 0.36405
0.0010186437544747935 0.23404
0.000987773669885584 0.26456
0.0010641402590665465 0.20698000000000003
0.0009750629356177088 0.31056999999999996
0.0009833261749189188 0.27161
0.0010180319456307304 0.23449
0.0010441878454563241 0.2175
0.0010029310761079063 0.36114
0.0009770002007311262 0.28647
0.0009812894773625774 0.27548
0.0010028924939390824 0.36111
0.000994392973258691 0.35162
0.0009797511704385956 0.32782
0.0010485955557243455 0.21503000000000003
0.001017238145610851 0.23509000000000002
0.000978692722531424 0.32513000000000003
0.0009836666751297123 0.27102
0.0009747312937496221 0.30717
0.0009800025173285366 0.32842
0.0009971385879421276 0.25303000000000003
0.0010089847566630444 0.24173000000000003
0.0009752606510080162 0.31199
0.0009825917623259056 0.3339
0.000999196481052854 0.35719
0.0010158131429198161 0.37306999999999996
0.0009905492162176031 0.34665
0.0009747233707877878 0.29922
0.0010455523806189595 0.21671999999999997
0.0010026386014037156 0.24745999999999999
0.0010339601847938267 0.22361
0.0010160914042572672 0.23596999999999999
0.0009871424391691818 0.26547
0.00099972724632643 0.25032
0.0009803096699438022 0.27756
0.0010407864525558456 0.21946999999999997
0.00097780577508021 0.3226
0.0009760353998561822 0.29020999999999997
0.0010530126420934649 0.21265
0.0009759201065680806 0.31563
0.0010051038970196476 0.24515
0.0009816087176587414 0.27484000000000003
0.001028026672365871 0.22744
0.0009766885078421857 0.28758
0.0009780854437137342 0.32343
0.0010365171579825487 0.22202
0.000976411064131528 0.28864
0.0009752046698201253 0.31161
0.0010530806714112654 0.21261
0.0009785005780775906 0.32461
0.0009751599245286672 0.29501
0.001013455955975191 0.37105
0.000975491138706749 0.31340999999999997
0.0009749435112288833 0.30955
0.0010577321223748536 0.21019000000000002
0.0009836716634082179 0.33592
0.0009884558758932042 0.26359
0.0009780207204989977 0.28328000000000003
0.0009745959964705449 0.30383000000000004
0.000979250425803326 0.32659
0.0009746568925878359 0.30038000000000004
0.0009835824284685076 0.33576
0.0009751276705179647 0.31106
0.0009826771667524028 0.27279000000000003
0.0010388092039101792 0.22064
0.0009780414479135036 0.3233
0.0009746104005809145 0.30461
0.0009868601030012763 0.34126999999999996
0.0010358195319434928 0.38822
0.0010268892337642799 0.38184
0.0009852518409859201 0.33866999999999997
0.0010030812916602004 0.24703000000000003
0.0009857695984787894 0.26755
0.0009926753151873597 0.34946
0.0009776450236839752 0.28439000000000003
0.0009797124174814134 0.32773
0.0009763958549787702 0.2887
0.0009945492805620633 0.25590999999999997
0.0009776547652721606 0.32213
0.0010365797916466648 0.38874000000000003
0.0010370818680715752 0.22168000000000002
0.0009912557527347596 0.25988
0.0010138211520028307 0.23774
0.0010264114909051187 0.22851999999999997
0.001037687017607879 0.22130999999999998
0.0009809238901397086 0.27624
0.000975777143049038 0.29141999999999996
0.0009781692163024114 0.32366999999999996
0.00098873875444898 0.3441
0.0009766401488488412 0.28776
0.0009914631757353578 0.34788
0.0009834506864637206 0.27139
0.0010582106717146207 0.20994000000000002
0.0009790952555908665 0.28041
0.0009914232660915459 0.34781999999999996
0.0009788936908107385 0.32566999999999996
0.00098118056958153 0.33105
0.0009864036353378087 0.34055
0.0009826116927879984 0.27291
0.0009781401536969072 0.28294
0.000992922362165768 0.34978000000000004
0.0009748815848083483 0.30896
0.0009849180047570938 0.26891
0.000976577743501794 0.28799
0.0010003074524926562 0.24974000000000002
0.0009760359064683865 0.29020999999999997
0.000999775025538242 0.25028
0.0010171946855467343 0.37422
0.0009786129228395177 0.32492
0.0009777491662900464 0.28407
0.0009940724552858296 0.35122
0.0010100032215772988 0.24086
0.0009812797469205797 0.33126
0.0009915829233636236 0.25947
0.0009810570211032925 0.27596
0.0009969145229643333 0.35462
0.001009236442433044 0.24151
0.0010176473052585992 0.3746
0.0009758080276966608 0.31509000000000004
0.000974865868683832 0.29749000000000003
0.000996409911141298 0.25382
0.001008039984408555 0.24254
0.0009808046466067658 0.27649
0.0009928216392819634 0.25794
0.0009973127122466015 0.35507
0.0009911763818115213 0.25998000000000004
0.0009775624023886111 0.32184
0.0009771412167235512 0.32045999999999997
0.001071373567082674 0.20353
0.001004731026662068 0.36296
0.0009780756257202307 0.28312
0.0010347889122914375 0.22309
0.0009966053703275022 0.35425999999999996
0.0010881271623811868 0.19612000000000002
0.0009783860641237345 0.28225
0.000974684696213473 0.30643000000000004
0.0009894415248131682 0.26224000000000003
0.0010017429662183756 0.24831999999999999
0.0010134003593307724 0.371
0.0010034222821234712 0.36164
0.0009746492912474468 0.30573
0.0009975438005810245 0.35534
0.000983915246079609 0.27059
0.0009756000910725469 0.29233000000000003
0.0009763487862465292 0.28889000000000004
0.0010718799024299114 0.20329
0.0009747014534278667 0.29956
0.0009954551697006636 0.25488
0.0009947423296548647 0.35204
0.0009765287125012036 0.28818
0.0009798863467276042 0.32814
0.0009942392207693835 0.35143
0.0009750885378712951 0.29554
0.0009752446143407175 0.29443
0.000993212634778799 0.35015
0.000996299612963236 0.25394
0.0009766817228701499 0.31882
0.001014853069826187 0.23693000000000003
0.0009785290155977034 0.28187
0.0009803016921499158 0.32911
0.0010318191244043208 0.38543
0.0009933308751548578 0.25733
0.0009847139180621325 0.26924000000000003
0.0010624066921495195 0.40471999999999997
0.0009984225395841797 0.25167
0.000993863145523314 0.25671
0.0009945037068571784 0.25595999999999997
0.0009777230421431924 0.28415
0.00101051828546809 0.24043
0.0010338410271943947 0.22368000000000002
0.0009747349951827913 0.29905
0.0009751902394622817 0.31151
0.0009802027019589516 0.32888
0.001015114441633211 0.23671999999999999
0.0009798618319464178 0.27857
0.0010226488806266416 0.23113000000000003
0.0009941820201526137 0.25633
0.0009746810458370338 0.30637
0.0009756762423655638 0.29193
0.000974673228943759 0.30005
0.0010370858968790611 0.22168000000000002
0.0009934099719178366 0.25724
0.0009760232945571167 0.31611
0.0009864342030381935 0.3406
0.0009757727557657769 0.31490999999999997
0.0009806454421935036 0.27683
0.0010195938612587128 0.23333
0.0009981713401115587 0.25193000000000004
0.0010655132903207914 0.40646
0.0009763784014872059 0.31763
0.0010119454377553372 0.36972
0.0009884562412005137 0.26359
0.0009747811601749508 0.29844
0.0010028282226842752 0.36104
0.0009781942218754067 0.28278000000000003
0.0010140447571104977 0.37156
0.0010042418521290823 0.36246999999999996
0.0009952843834995988 0.25506999999999996
0.0009792505072424064 0.32659
0.0009834629255170372 0.33554
0.0009746033011785219 0.30429
0.0009759278317749736 0.2907
0.0010289922656987977 0.38339
0.0009750807213375744 0.2956
0.0009746372873427329 0.30083000000000004
0.0010094183620575263 0.24136
0.0009899950525793732 0.34588
0.0010411517350563276 0.21925
0.0009953148019848914 0.25504
0.0010077064286321906 0.24283000000000002
0.0009857666308962295 0.33952
0.0010346914153300571 0.22315
0.001039420605019509 0.22027
0.0009882697807630247 0.34341
0.0009992503092287658 0.25081
0.0010050882529857965 0.24516999999999997
0.0010403813772667443 0.2197
0.0011004093530619682 0.19112
0.000976317399481133 0.28901
0.0010075893393696677 0.24293
0.0009769941053845038 0.28649
0.0010373872360383842 0.38929
0.0009827794594508867 0.2726
0.0009824698893713523 0.27318000000000003
0.0009776193786434108 0.32202
0.0010495451194012851 0.21450999999999998
0.001034074916997227 0.38702
0.000980971292538469 0.27614
0.0010053183827480857 0.24495999999999998
0.0010637213019198978 0.40546
0.0009939722985204888 0.25658000000000003
0.0009788928215878827 0.28092
0.0009783209714668121 0.32411
0.0010295020160940936 0.22646
0.000978176919037152 0.28283
0.001029182137409024 0.22666999999999998
0.0010000552800657242 0.35812
0.001008851157379804 0.24184
0.0009747572476474493 0.30753
0.0009761748302135326 0.31678
0.0010515959634472406 0.2134
0.0010004693287549527 0.24958000000000002
0.0009910964239156616 0.26008000000000003
0.0010216498368656175 0.23184000000000002
0.0009803382228808896 0.27749
0.0009900112949118107 0.26149
0.0009939598525435926 0.35108
0.0009900007362361632 0.2615
0.0009759460802414018 0.31575
0.0009959267598642694 0.25435
0.0009775096627637626 0.2848
0.0010062333029953005 0.36443000000000003
0.0010148980878396867 0.37229
0.0009749758098243363 0.29645
0.001006582590536799 0.36476
0.0009970280680987541 0.25315
0.0009760027663357699 0.29036
0.000992459648682145 0.25838
0.000981369990050936 0.33145
0.0010282671673635196 0.22728
0.0009901024097819036 0.34603
0.0010218040375395332 0.37794
0.0010262350125977344 0.22864
0.0010450487241320681 0.39432
0.001059773602185007 0.20915
0.0009954448571400296 0.35289
0.000993528253822433 0.35054
0.0010603926758265044 0.20884
0.000976876864929339 0.31954
0.0009885648496524909 0.34384000000000003
0.0009753897704227271 0.31281
0.0009921646579957692 0.25874
0.0009754940327604264 0.31343000000000004
0.001010967050756372 0.36884
0.0009766591094128355 0.28769
0.000989635814189006 0.34538
0.0009753442096618022 0.29379
0.0009748575009531568 0.30871
0.0010026775104075242 0.24741999999999997
0.0010069429964004288 0.2435
0.0009901580075049854 0.26129
0.0009785044905692153 0.32461999999999996
0.0009750077423933706 0.29618
0.0009925461501092347 0.25828
0.000974666426533333 0.30018
0.0009791312496868405 0.32628
0.0010391966899759159 0.22041
0.0010383234072113678 0.22093000000000002
0.0009936403747617222 0.25697
0.0009983036676507494 0.25179
0.001008402411507462 0.36649
0.0010100050808333012 0.36796999999999996
0.0010377635146124884 0.22127
0.001056635538865471 0.21075
0.0009745937188729528 0.30361
0.0010336023297891623 0.22383000000000003
0.001039054276934719 0.39041
0.0010606263461213517 0.20872
0.0009833824554358799 0.27151
0.0009748380357545078 0.29778000000000004
0.0009880640314883387 0.3431
0.0010129797620765516 0.23840999999999998
0.0010036214085851732 0.36185
0.0009992320224697898 0.25083
0.000974614996225973 0.30478
0.001009353694933282 0.36737
0.0010311211202937724 0.22541
0.000980504806789452 0.32957
0.001078611768095381 0.20023
0.0009746543277062472 0.30043000000000003
0.0009956241856354496 0.25469
0.0009833436246351613 0.27158000000000004
0.0009755364833754565 0.31367
0.0009966386986868677 0.25356999999999996
0.0009758289332703912 0.31519
0.0010050236583117715 0.24523000000000003
0.0009872563855663561 0.34188
0.00107424980447793 0.2022
0.001018094495518662 0.37496
0.0009745993507539038 0.30407
0.0009764066063755968 0.28865
0.0009894771793099747 0.2622
0.0009954301657456636 0.35286999999999996
0.0010062110039683427 0.36441
0.0010033561782196898 0.24677
0.0009749819098451663 0.2964
0.0010638870904940419 0.40555
0.0010364286000838468 0.22208000000000003
0.0009907711120034687 0.2605
0.0009747165962428306 0.30696
0.0009759190723097376 0.31561999999999996
0.000988628638205464 0.34394
0.0009928075438490796 0.34963
0.0009752725598105807 0.29425
0.0009800548616232796 0.32854
0.0009887818247560853 0.34415999999999997
0.0009952327858196476 0.25513
0.0009758775371203082 0.29094000000000003
0.001035946831473412 0.22236999999999998
0.0009746576578994586 0.30591
0.0009877157476430557 0.34258
0.0010173953602498494 0.23496999999999998
0.0010686244983395224 0.20481999999999997
0.0009886582334908693 0.34398
0.0009746320959159695 0.3053
0.000991707755810762 0.25931
0.0010101940622867375 0.2407
0.0010166659141822982 0.23553000000000002
0.000992741095312369 0.34955
0.000983294925503318 0.27166999999999997
0.0009827644005918844 0.27263000000000004
0.0010472279107753696 0.21579
0.0009952860541692983 0.25506999999999996
0.0009845121490550835 0.26958000000000004
0.0010034973635622555 0.24664
0.0010431275248098588 0.21811
0.0009796398721598624 0.27908
0.0010272248665068593 0.22796999999999998
0.001041089849984553 0.21929
0.0009750335542671945 0.31033
0.0010019352516175493 0.24813000000000002
0.0009759179260501867 0.29075
0.001042384254952802 0.21853000000000003
0.0009747942946985972 0.29828000000000005
0.0009958498482933922 0.35336999999999996
0.000977701237683365 0.32228
0.0009767072517746305 0.28751
0.0010226595888769357 0.23112
0.0009760877914323342 0.28998
0.0010406655104877342 0.21954
0.0009751878444701654 0.29481999999999997
0.0009797094001005636 0.32771999999999996
0.0010278723767695834 0.22754000000000002
0.0010083712669019802 0.36646
0.0009807669606273803 0.27657
0.0009914272370107672 0.34783000000000003
0.0010230984935645127 0.23081
0.0010265849892253146 0.38161
0.0009763914171781104 0.28872
0.0010257621059255508 0.22896999999999998
0.0010129863857884216 0.37064
0.0009749451892694487 0.30956999999999996
0.0010561351764365697 0.4011
0.0010158699571953414 0.23614000000000002
0.0009753132399795548 0.29399000000000003
0.000985008513238626 0.33826
0.0010039836390078021 0.36221
0.0009798210904734123 0.32799
0.0010199260084805632 0.23309000000000002
0.0009827969708307157 0.3343
0.0009766564523055333 0.31872
0.0009885499236488536 0.34381999999999996
0.0010338595649223691 0.22366999999999998
0.0009748823337602442 0.30896999999999997
0.0009809163607102072 0.27625
0.0009825699105846697 0.27299
0.00100564546348834 0.24466
0.0009768135997078515 0.28712
0.000982293102925814 0.27351
0.000978102170545778 0.28304
0.0009765185725267 0.28822
0.0009754755786288591 0.29301
0.0009770595024042586 0.28626999999999997
0.000976886246243977 0.28686999999999996
0.0010062994536411587 0.24406999999999998
0.001061801481309184 0.20813
0.001058711579048274 0.20969000000000002
0.0010832483223590186 0.1982
0.0009930090687186649 0.34989000000000003
0.000989329493942266 0.34494
0.0010046339081317345 0.36286
0.0010331177627665314 0.22414
0.0009904412179295085 0.26092
0.0010347190179647633 0.22313000000000002
0.0010330099559411753 0.38627
0.0010099725709996157 0.36794
0.001051130699823761 0.21365
0.0009821735160183826 0.33308000000000004
0.0009886459289986447 0.34396
0.0009832188696720044 0.27181
0.0009809049957337313 0.33045
0.0009836895918711958 0.33595
0.0009951412786756617 0.25523
0.000981565454810234 0.27492
0.000977411037880108 0.28511
0.000989259043384875 0.26249
0.0009895043317825233 0.26216
0.0009949082793093973 0.35224
0.000976226508433678 0.28939000000000004
0.0009885397996745226 0.26348
0.0009791586373079921 0.28025
0.0009752018726663692 0.31159000000000003
0.0010515748167922588 0.21341
0.0009787025027717118 0.28141
0.000988202363766433 0.26395
0.0009787192484803633 0.28137
0.0009938107584415929 0.25677
0.0009762040850008844 0.3169
0.0010265949114896054 0.2284
0.001016810821093082 0.3739
0.000996234976940451 0.35383000000000003
0.0010497203119419966 0.21441999999999997
0.0009750293859525864 0.3103
0.0010258220722350634 0.22891999999999998
0.0009776951905170375 0.28423000000000004
0.0010636301401279508 0.20723000000000003
0.001000926837688075 0.35906
0.0010064016158213812 0.36459
0.0010145728054109576 0.37201
0.0009782350464054876 0.28267
0.0009749132879816507 0.30927
0.0009837478369936097 0.33605999999999997
0.001017229936803238 0.2351
0.0010036806654937778 0.36191
0.000983235044587985 0.27178
0.0009765372114692487 0.31826
0.001006877011688944 0.24356
0.0009746176427264192 0.3014
0.0009757848914471924 0.29138000000000003
0.0009765468441124392 0.28811
0.0009951682395056948 0.2552
0.0009747200763702429 0.30701
0.0009923723393362315 0.25849
0.0009808016811815323 0.27649
0.0010034391685976854 0.2467
0.0009763213511641916 0.3174
0.000975030398637663 0.3103
0.0009993976553568616 0.35741
0.0009805166841310034 0.2771
0.0010015749832834923 0.24848
0.0010834382519575097 0.19812000000000002
0.000990421149038957 0.26095
0.0009780170271558033 0.32323
0.0009765078473773475 0.31815
0.0010150328044383453 0.23679
0.0009764085254974136 0.28865
0.0009751660459429865 0.29496999999999995
0.0010259790386017216 0.38116
0.0009972975422852775 0.25286
0.0009752316709202553 0.29452
0.001000255514674206 0.24979
0.0010205553878511605 0.23263000000000003
0.0010030945752191617 0.24702
0.001001146494888005 0.2489
0.0009935435600548893 0.25708000000000003
0.0009923705561259925 0.25849
0.0009797574718099114 0.32784
0.0009807744375619335 0.27655
0.0010165783324738973 0.37371
0.0009757601931134652 0.31485
0.0010137220514286538 0.23781999999999998
0.0009835770412643522 0.33575
0.0010349533748288114 0.22299000000000002
0.000995779909022413 0.25451999999999997
0.0009757298364715357 0.29165
0.001020529817238365 0.37693000000000004
0.000988076386497962 0.26413000000000003
0.0009797249247623413 0.27889
0.000978248743811608 0.28263
0.001004088882030233 0.36232
0.001002734423380743 0.36094
0.0010239070180577661 0.23025
0.0009752086524248657 0.31164000000000003
0.001002026886583138 0.36021
0.0009988065388707467 0.35675999999999997
0.0010353996336631007 0.22271
0.0009976963020006627 0.25243000000000004
0.000975146405821103 0.3112
0.000985968129518341 0.33985
0.0010495794919067405 0.39716
0.0010516684650829272 0.21336
0.0009757932244808642 0.31501999999999997
0.0010745933909242483 0.20204
0.0009923254561340807 0.25855
0.0009751005958889519 0.29545
0.000981555657850665 0.27494
0.0009747097514049808 0.30685
0.0009749947026123188 0.31001
0.000978509387161339 0.28192
0.0009747564674143172 0.29875999999999997
0.001000497649779427 0.3586
0.0009751111177102695 0.29536999999999997
0.0009749175844774162 0.29698
0.0010506095058893437 0.21393
0.001024559480643552 0.38008000000000003
0.0009963320676053156 0.25390999999999997
0.0009748165849164711 0.29802
0.0009750153658463574 0.31018
0.0009851619480615872 0.26852
0.0009786770464972276 0.28148
0.0010137564796650473 0.23779
0.0010103121020314195 0.36825
0.0010042841015734038 0.24591
0.00098295977240636 0.27226999999999996
0.0009936358010494844 0.25697
0.0010270610673474246 0.38197
0.0010018991300595266 0.24816999999999997
0.0009844609900315476 0.33732
0.0009746116403246192 0.30466
0.0009790884745739293 0.32616999999999996
0.00098238835734616 0.33351
0.0010045832496079772 0.24563000000000001
0.0010996245388468443 0.19143
0.0009814265968635502 0.2752
0.0009757124173174204 0.29174
0.0009748293203346905 0.30841
0.001031475891579793 0.38518
0.0010093343447920538 0.36735
0.0010183708287454356 0.37519
0.0010480116563947018 0.21535
0.0009958577635248058 0.25443000000000005
0.0009926670875031384 0.25813
0.000981145012164422 0.33097
0.0009747910639221882 0.30796
0.0009996999784369065 0.25035
0.0010156276155260954 0.23633
0.0010693484176957958 0.20448
0.0009927738016425555 0.258
0.0009974796754850968 0.25266
0.0009885549032980527 0.26345999999999997
0.001036851757185894 0.22182
0.0009746446414894452 0.30562
0.0010688423115645133 0.20472
0.0009947086611570002 0.352
0.0010785729928458234 0.41343
0.0009764003024874001 0.28868
0.0009767239057969002 0.28745
0.0010257590189709173 0.22896999999999998
0.0009941804817989476 0.25633
0.0009787288586514014 0.28134000000000003
0.0010022858243863891 0.2478
0.0009762117224764945 0.28945
0.000985396244700267 0.26814
0.00102855998993663 0.22708000000000003
0.0010349888173682765 0.22296999999999997
0.0010470113432267318 0.21591
0.0010550031399606432 0.2116
0.0009768927268531803 0.28684
0.0009844802828238432 0.33736
0.000978902231127544 0.28089000000000003
0.001028841578590857 0.2269
0.0010650102783352313 0.20656
0.0010147794924036196 0.23699
0.0009749922571028038 0.30998000000000003
0.000980723845915302 0.33005999999999996
0.0010145325309991677 0.37198000000000003
0.0010268734518413013 0.22821
0.001003598927264115 0.36182
0.0010536455819518914 0.21231
0.000980501213761946 0.27714
0.0009762385249227973 0.31705
0.000974636870978693 0.30543000000000003
0.0010071205495958077 0.36528
0.0010513882175667564 0.39826
0.0009753068016179977 0.31229
0.0010270929912871525 0.38199
0.000981692331683911 0.27466999999999997
0.0010011403258327225 0.35928000000000004
0.0010293342897013025 0.38364000000000004
0.0010729960582851654 0.20278
0.000982895342408268 0.27239
0.0010100728812947018 0.2408
0.000991776221447874 0.25922
0.0009746075654941651 0.30449
0.0009753136813326281 0.31234
0.0009755082901725848 0.29283000000000003
0.0009944877735617809 0.35173000000000004
0.0009897740795899747 0.2618
0.0009866146562198977 0.34088
0.0010238982202999825 0.37956999999999996
0.0010304018088074082 0.22588000000000003
0.0009836176655226108 0.33582
0.001006326482786535 0.36451999999999996
0.0010057283416853508 0.36394
0.0010597771268971694 0.20915
0.0010642664892815653 0.20692
0.0009899846691865148 0.34586999999999996
0.0009913473380818356 0.34772
0.0010128781003961077 0.2385
0.000988228542745339 0.26391
0.0009886329897130586 0.26335
0.0010148569335981855 0.37225
0.0009789185561575025 0.28085
0.0009848817643663295 0.26897
0.001009559690862313 0.24124
0.000987735843320413 0.26461
0.0009863855961320638 0.34052
0.0009797497090295794 0.32782
0.0010066960148609285 0.24372
0.0009867694194167329 0.34113000000000004
0.001005440944968498 0.36366
0.0009775203357777216 0.28476999999999997
0.0009893749804551993 0.34501
0.000989444940580336 0.34511
0.0009818458301480077 0.33243
0.0009815024979066775 0.27505
0.00099207945024555 0.34869
0.0009757063433642871 0.31458
0.0010367981905858362 0.22185
0.0009822962328472032 0.33333
0.0010449147990925062 0.39423
0.001038128226140522 0.22105
0.001003361070137606 0.24677
0.001051178126492446 0.21363000000000001
0.0009763699672389598 0.2888
0.0010237434903619328 0.37945
0.0010423969163028074 0.21853000000000003
0.0009897114398134332 0.34548
0.0009756588399307298 0.29202
0.0010104213857266326 0.36835
0.0010112884483791677 0.23979
0.0009965010396744598 0.25372
0.0010327128304003193 0.22439
0.0010483106667199251 0.21519000000000002
0.0010219342300444667 0.37805
0.0010029094055821074 0.36112
0.001003397356012007 0.24674000000000001
0.0009771144282998718 0.28608
0.0010064342626453081 0.24395
0.0010188421724344737 0.23389000000000001
0.0009812005061560483 0.27566
0.00102423997967042 0.23001
0.0010147168405820045 0.23704
0.0009775594369633776 0.32184
0.0009771545926880033 0.32051
0.001028134847374972 0.22737
0.0010132072178324803 0.23823000000000003
0.0010549449171306043 0.21163
0.0009748201648202403 0.3083
0.0009766437880790926 0.31867
0.0009849650098481993 0.33819
0.000979467432727488 0.27949
0.001047915649067361 0.21541
0.0010581989457454882 0.20995
0.001014566661524486 0.23715
0.0010224215345348172 0.37843000000000004
0.0009902639194784494 0.34625
0.0009778732542797192 0.3228
0.0010028897307632208 0.24722
0.0010099344492402506 0.36791
0.0010114605374257415 0.23965
0.0009747058897903088 0.30679
0.000998209903583552 0.35609
0.0009751880673939175 0.29481999999999997
0.0009836035713481676 0.27113000000000004
0.0009782759656781633 0.28256
0.0009759051936881802 0.31556
0.001041293600316337 0.21916999999999998
0.0010082646413927326 0.36635999999999996
0.0009760634330573287 0.29009
0.0009838594942874503 0.27068000000000003
0.0010028375867403001 0.36105
0.001007593346603887 0.36573
0.0009749780244999016 0.30985999999999997
0.0010287429781569045 0.22696
0.0009847469319911415 0.33782
0.0010203340653748476 0.23279
0.0010001467552093648 0.2499
0.0010142072778741254 0.23744
0.0009759400641765331 0.29064
0.0010074689323185612 0.36561
0.0009769655553238518 0.31985
0.0009909630549270393 0.26025
0.0010396520789760675 0.22014
0.0009892189381434486 0.26254
0.0010261779736006847 0.38131
0.0009752833505786184 0.29418
0.0010044969117781572 0.36272
0.001008849709813634 0.36691
0.0009747609684965583 0.2987
0.0009746145595471072 0.30476
0.0010042932049524607 0.36252
0.001011022496028372 0.36889
0.0009823630421967934 0.33346
0.0010022513878802436 0.24783000000000002
0.0010095498067107928 0.24124
0.0010055266760502027 0.36374
0.0010309676507738077 0.22551
0.0009784958715099877 0.3246
0.0009776735469578216 0.2843
0.001010898491814883 0.24011
0.0009855889694749646 0.26784
0.0010216790449108927 0.23181999999999997
0.0009776215757008088 0.32203000000000004
0.0009919885451754717 0.25895999999999997
0.0009843606590620813 0.33715
0.00098407126897542 0.27032
0.0009888443482167658 0.34425
0.000989470815735741 0.2622
0.001042340814124848 0.21856
0.0009861293643355182 0.267
0.001001655005180042 0.24841
0.0010049750958106148 0.24527
0.0009802118839006531 0.3289
0.0009835276924176383 0.27126
0.001018955017156848 0.23381
0.0009811877515016664 0.33105999999999997
0.0009747412440591592 0.30732
0.0010452484113189172 0.2169
0.0009813450989960295 0.27537
0.0010415959615091522 0.21899000000000002
0.0009901469950716363 0.34609
0.0010217577067927778 0.23176
0.001006539510521724 0.24386
0.0010879530896727749 0.19619
0.0009797843900327433 0.27875
0.0009952702017736496 0.25509
0.0009971293671685467 0.35486
0.001004042265078144 0.24613000000000002
0.0009806923536206777 0.27673000000000003
0.000980395279855661 0.27737
0.0010014098316600366 0.24865
0.0010087154725010419 0.24195999999999998
0.001008038217378266 0.24254
0.000978105205365018 0.28304
0.0010325287304377207 0.22451
0.0009910630725448123 0.34734
0.000981418047917438 0.27521999999999996
0.0009847783572288628 0.33787
0.0009950525609550118 0.25533
0.0009970950766415032 0.25308
0.0009764868258473104 0.31806999999999996
0.000977651693059259 0.28436999999999996
0.0010008790016666617 0.35901
0.000977549498519137 0.3218
0.0010314905243667856 0.38519000000000003
0.0009851342792688645 0.26855999999999997
0.001048938305847039 0.39676
0.000974734280927899 0.30722
0.001012521656283061 0.23878000000000002
0.001103473070231547 0.18993
0.0009797675334015472 0.27879
0.0009936099645461813 0.35065
0.000975528290747793 0.29272
0.000980711803538263 0.27668000000000004
0.0009775224483398262 0.32172
0.0010139532618318088 0.37148000000000003
0.0009886146380545064 0.34391
0.0009913366422361698 0.25978
0.0009746439556393534 0.30067
0.0010433195169923875 0.39321
0.0009759632595727067 0.29054
0.0009816373079894905 0.27478
0.0009814631826063531 0.33164
0.000999871907661532 0.25018
0.00098613840209589 0.34013000000000004
0.0009757251361961357 0.31467
0.0010054548101067638 0.24483000000000002
0.0010253991130677346 0.38072
0.0010242247822031818 0.37982
0.000982760900868755 0.33423
0.0010059580374654326 0.24438000000000001
0.001019238086636031 0.2336
0.000984157999079133 0.33679000000000003
0.0011017281956869766 0.19061
0.0010017194369759059 0.24834
0.0010054493089238512 0.24484
0.0009774549533199215 0.3215
0.0009919572326580672 0.259
0.0010247510438776354 0.38023
0.0010065317461233968 0.36472
0.0009885571906036146 0.34383
0.0009886070297028058 0.26338
0.0009932357294997296 0.25745
0.0009760962551640444 0.28994000000000003
0.0009749468234443728 0.29671
0.0009745920219557794 0.30329
0.0009772551521543152 0.32085
0.000992151631158677 0.34878000000000003
0.001029071222055768 0.38345
0.0009751541473877231 0.29505
0.0010321259681623236 0.22476999999999997
0.0009782448703316395 0.28264
0.0010268997638553494 0.22819
0.0009748896053892129 0.29725
0.0009915835257970856 0.34804
0.0009765626010463844 0.28805
0.0010295874782290785 0.22641
0.0009814449044766836 0.27516999999999997
0.0009782069955861737 0.28275
0.0009746737091287117 0.30623
0.0010226319463316868 0.23114
0.0009746205822637328 0.3013
0.0010225325793276707 0.23121
0.0010336451928131339 0.2238
0.0009749353498824561 0.30948000000000003
0.0009829692078339408 0.33462
0.0009812310190243812 0.2756
0.0009797386124604918 0.27885
0.0010528316573105228 0.21274
0.0010238758545756763 0.23026999999999997
0.0009755040413177826 0.29285
0.0009849639878147071 0.33819
0.0009757136178696914 0.31461
0.0009806301370397107 0.27686
0.0009802657552230975 0.32903000000000004
0.0010105453122763626 0.24040999999999998
0.001031565336139741 0.38525
0.0010045475458522126 0.24566
0.0010484485592629413 0.21511
0.0009832065288647818 0.33507
0.0010183969126221924 0.23421999999999998
0.0009814485420889401 0.27516
0.0010730596113299813 0.20275
0.0009769959153815484 0.28648
0.0009752787288658632 0.29420999999999997
0.0009934220610369525 0.35041
0.0010298609432900943 0.38402
0.0010137544318227416 0.2378
0.0009995886100450577 0.35762
0.0009762073028333339 0.31692
0.001020653774350222 0.37703000000000003
0.0009751021159053416 0.29544000000000004
0.0009933416970243545 0.25732
0.0010249955027831939 0.22949
0.0009816013841864092 0.27485
0.0009832220416612632 0.3351
0.0009747066105171814 0.29948
0.0009846300775176666 0.33762
0.0010001495784308177 0.35822
0.0009848134921695054 0.33793
0.0009944841900624676 0.35173000000000004
0.0010153555388845445 0.37268
0.0009800599539927953 0.27812
0.0009758086259952467 0.31509000000000004
0.001029468827601405 0.38374
0.0009752893065978958 0.29414
0.0009912530506831527 0.25988
0.0009748560418812446 0.3087
0.0009746760241199655 0.3
0.0009753615782985188 0.31264000000000003
0.0009805609986762438 0.27701
