0.000962838458380758 0.31585
0.000955992330561323 0.32306999999999997
0.0010895578338882075 0.2433
0.001053456152299582 0.2583
0.0010400100324148257 0.2646
0.0009424205782521772 0.34164
0.0009906073248732476 0.29306
0.0009613798990771028 0.31731
0.000937980642515156 0.35034
0.0009316155341196651 0.37687
0.0010935414687230525 0.24179
0.0009909051293659796 0.29286
0.001006288546495268 0.28286999999999995
0.001069684304617483 0.25125
0.0009344231025671613 0.36001
0.0010633962158084166 0.25390999999999997
0.0009711897809943313 0.30811
0.0009419062027439704 0.34254
0.0009399894836002814 0.34611
0.000950581004413211 0.32959
0.0010027195185761018 0.28508
0.0009549182724798751 0.3243
0.0009722394754099392 0.3072
0.001048127939451432 0.26074
0.0010343934166116024 0.26738
0.000973780560440762 0.30589
0.001012214393413157 0.27935
0.0010342680793721491 0.26744
0.0010047382339050215 0.28381999999999996
0.0009394532677632886 0.34719
0.0009460637755355635 0.33583
0.0010866130182442934 0.24444000000000002
0.0009445279588938772 0.33816999999999997
0.0009473628982387144 0.33394
0.001135645836497714 0.22715
0.001013380812306479 0.27868000000000004
0.000992054393968069 0.29206
0.0009464335050173467 0.33528
0.0010925479933321105 0.24216
0.0010065157152653096 0.28274
0.0009782675378039523 0.30223
0.0009853028318036448 0.29686
0.001056238953556158 0.25705
0.0009595197752582697 0.31923
0.0010600221091501682 0.25538
0.0009476042135090719 0.3336
0.0010747334658872906 0.24916
0.0010578567488166086 0.25633
0.0010744407550595729 0.24928000000000003
0.0009439319642846302 0.33912
0.0009826501694366213 0.29883000000000004
0.0009871333962915224 0.29553
0.0009522851365124692 0.32744
0.0009912863430894974 0.29259
0.0011038766936767304 0.23798000000000002
0.0010104847896323349 0.28036
0.0009323950147901913 0.36901
0.0009505766586867812 0.32959
0.0010023189205445148 0.28533000000000003
0.0011332217306242287 0.22794
0.000976629626892843 0.30354000000000003
0.0009549986629179052 0.3242
0.0009420241487987642 0.34234000000000003
0.0010138474724657276 0.27841
0.000960836873661146 0.31786
0.0009423375867183321 0.34179
0.0009953078973476822 0.28986
0.0011102086113884881 0.23571999999999999
0.0009447185348013091 0.33787
0.0009549684841274692 0.32424000000000003
0.0010350883237211209 0.26703000000000005
0.0009685287736391428 0.31046999999999997
0.0011354895734615995 0.2272
0.0009351325343419046 0.35773
0.0010294238348137557 0.26992
0.000968531065564633 0.31046999999999997
0.0009522921532616569 0.32743
0.001006087803956183 0.283
0.0009323383073957541 0.36937
0.0009357743186053297 0.35586
0.0009914129459133866 0.29251
0.0009532070404649846 0.32632
0.0009730120292107086 0.30654000000000003
0.0009389380182615278 0.34825
0.0010670232754450882 0.25236
0.0010359267399382025 0.26661
0.001032106224709342 0.26854
0.001032390609009608 0.26839
0.0011157059004993513 0.2338
0.001026275436850975 0.27155999999999997
0.0009853932031473668 0.29679
0.0009578143956623452 0.32105
0.0010877782556519828 0.24399
0.0011023302473937909 0.23854
0.0009895515455082787 0.2938
0.0010173562308187344 0.27642
0.0010105815646058072 0.28031
0.0010731733070240268 0.2498
0.0009467956594532275 0.33475
0.000970424175880525 0.30878
0.0010967116076251236 0.2406
0.000977907933743544 0.30251999999999996
0.0010022872337562402 0.28535
0.00099584696247452 0.2895
0.0009688019741038222 0.31022
0.000955145787714611 0.32403000000000004
0.000942740237991443 0.3411
0.0009362165151498278 0.35465
0.0009541910134369981 0.32515
0.0010502256129281135 0.25977
0.0009649463281381163 0.3138
0.0010036932335452562 0.28447
0.0010147794466439505 0.27787
0.001009340885722947 0.28104
0.0009523344743529811 0.32738
0.0010519711792585842 0.25897
0.000999103744588646 0.28736999999999996
0.0009413762838748305 0.34349
0.0010217536265464814 0.27399
0.0010170455955710496 0.27659
0.0010571509308662898 0.25664000000000003
0.0009749287334366501 0.30494
0.0010580861228027306 0.25623
0.0010612937319174585 0.25482
0.0010004656223412253 0.2865
0.0009592772068970904 0.31948000000000004
0.0010537154337596005 0.25818
0.0009389843544646944 0.34815999999999997
0.0009850723576336161 0.29703
0.0009575711336258893 0.32132
0.000935626281401869 0.35628000000000004
0.0010921044601574024 0.24233000000000002
0.0010545375152292236 0.25781
0.0010175611628208403 0.2763
0.0009451817198711888 0.33716
0.0009640374634160802 0.31467
0.0009450648462159961 0.33734000000000003
0.0010281021641211539 0.2706
0.0010286242655309884 0.27033
0.0009547125190692765 0.32454
0.0009898180117286208 0.29362
0.0010036405330578998 0.2845
0.0009571901984913129 0.32173
0.0010847218707310787 0.24516999999999997
0.001059483727442655 0.25561
0.001087116260637256 0.24424
0.0009572936545646457 0.32161999999999996
0.0009377299316742392 0.35091
0.000931830097019803 0.37356999999999996
0.0011206000758787352 0.23212
0.0009749065255718509 0.30496
0.001015020826060624 0.27774
0.000933675364067049 0.36275999999999997
0.0009681301501579598 0.31083
0.0009735326498475942 0.3061
0.0010297625338881707 0.26974000000000004
0.0009783761539262773 0.30214
0.0010013783511329064 0.28592
0.0010876966318891465 0.24402
0.0009667643792461275 0.31208
0.0009849166437570956 0.29714
0.0011314475274390374 0.22851
0.0010548487440168025 0.25766999999999995
0.0009514059066424868 0.32854
0.0011722479656392367 0.21606
0.0009916971614566297 0.29231
0.0009628946719977403 0.31579
0.0009359691380526185 0.35531999999999997
0.001005326957231007 0.28346
0.0009682255508339084 0.31074
0.0009668946218140278 0.31196
0.0009675811636099498 0.31133
0.0010736842993734857 0.24959
0.0010694931864499153 0.25133
0.0010789679258702957 0.24745
0.0009490828800721526 0.33155999999999997
0.0009695897661975807 0.30951999999999996
0.0009451917313582639 0.33714
0.0009456828245508803 0.3364
0.0009551482254610869 0.32403000000000004
0.0009408764628673443 0.34442
0.0009846568351411613 0.29733000000000004
0.000999713698294001 0.28698
0.0009429983691066281 0.34066
0.001066606193675036 0.25254
0.0010124213646713982 0.27923000000000003
0.000943443412889781 0.33992
0.0009959837884310322 0.28941
0.001011666803725764 0.27967
0.0009483639056005617 0.33254
0.001051237516772429 0.25931
0.0010944608168924122 0.24144000000000002
0.0010718127662746014 0.25035999999999997
0.0010711073126902747 0.25065
0.0009663439745477347 0.31248000000000004
0.0009388746377855195 0.34839000000000003
0.0009737113846061737 0.30595
0.0009425156828108304 0.34148
0.001000627332220035 0.2864
0.000992226018555064 0.29195
0.000983954378532384 0.29786
0.0009598839558972567 0.31885
0.0010420944492348524 0.2636
0.0009694540273719453 0.30964
0.0010163950407907013 0.27696
0.0010253224170869847 0.27207
0.001033002266135299 0.26808000000000004
0.0010323846357568843 0.2684
0.0009443508477456827 0.33845
0.000941612984339881 0.34307
0.000948506569990651 0.33234
0.0009732712381331783 0.30632
0.0010058041593897402 0.28317
0.0009646386525716112 0.31409000000000004
0.000947433949793627 0.33384
0.0010604586820766584 0.25519000000000003
0.0009558238925917469 0.32326
0.0011092975084448543 0.23604
0.0011414516197864977 0.2253
0.0010053175571851235 0.28347
0.001023263502716377 0.27316999999999997
0.000991026347255827 0.29277
0.0010622352549461006 0.25440999999999997
0.0010653368688003347 0.25308
0.0009515996551819496 0.32829
0.0010079250126224953 0.28189000000000003
0.0010164669915128674 0.27692
0.0009501096140225809 0.3302
0.0010171694915695857 0.27652
0.0009489629245967195 0.33171999999999996
0.0010087263535742952 0.28141
0.0009438073141939387 0.33933
0.0009556142477001417 0.3235
0.0010614586052911784 0.25475
0.0009455443294848518 0.3366
0.001040489372100358 0.26437
0.0010046350989362121 0.28389000000000003
0.0009936141218948908 0.291
0.0009757535176292457 0.30426
0.0009863736911470032 0.29608
0.0009507418350772549 0.32938
0.0010289640935059745 0.27015
0.0010587780506515253 0.25592
0.0009708887965971664 0.30837
0.0011117721746682905 0.23517
0.0009597886771738973 0.31895
0.000965920738647266 0.31287
0.0009596736755095918 0.31906999999999996
0.0009495085029987545 0.33099
0.00106964530347095 0.25126
0.0009626362080303058 0.31605
0.0009324500855212144 0.36866
0.0010210966217048926 0.27435
0.0010339682149249066 0.26759
0.0009521293362994826 0.32763000000000003
0.0009437613373220246 0.3394
0.0010565026460077533 0.25693
0.0010611980185282204 0.25486
0.0010549748152094516 0.25761
0.0009465255712037002 0.33515
0.0009946561206173104 0.2903
0.0010302870392930761 0.26947
0.0010476016360849631 0.26099
0.0009446663418903245 0.33796
0.001012196472536155 0.27936
0.0010646191934781124 0.25339
0.0011369916211703506 0.22671999999999998
0.0009446187119454729 0.33803
0.0009397831566022767 0.34652
0.000957866013494149 0.321
0.0009435404644010044 0.33976
0.0009552911164144722 0.32387
0.0009615328501867156 0.31715
0.0010640167909502628 0.25365
0.0009579483167604014 0.32091
0.0010605241225071773 0.25516
0.0009497610826605372 0.33066
0.0009670388956426416 0.31183
0.0009461731026750468 0.33566
0.0011161110396798652 0.23365999999999998
0.0009488702654298881 0.33185
0.001056662698897717 0.25686
0.0009639094003311453 0.3148
0.0011080969655761972 0.23646999999999999
0.0009519880305432814 0.32781
0.0010315157511585858 0.26884
0.0009758641523093308 0.30417
0.0010059122645792 0.2831
0.0010844245946995653 0.24529
0.001009723393001678 0.28081
0.0009331505920074 0.36499000000000004
0.000940250107844081 0.34561
0.0010202982430448783 0.27478
0.0009469797597527761 0.33449
0.0009565804780622405 0.32241
0.001015207029576152 0.27763000000000004
0.0009565162235926781 0.32248000000000004
0.0009481384130259665 0.33285
0.0009658393653161221 0.31295
0.0010473759753127604 0.26109
0.000987417178101246 0.29531999999999997
0.0010445710732262259 0.26241
0.0009531416153251573 0.3264
0.0009554903489045279 0.32364
0.0009471735800839006 0.33421
0.0009480950793925049 0.33291
0.0010112727038651542 0.2799
0.0011399687975118006 0.22576999999999997
0.0010327102680029862 0.26823
0.0011165618238124031 0.2335
0.0010241139555048084 0.27271
0.0010314837555729297 0.26886
0.0010163301970700974 0.27699
0.0011030774180871244 0.23826999999999998
0.000975762653630992 0.30425
0.0009403192130058388 0.34547
0.0009662075804600234 0.3126
0.0010579388359619887 0.25629
0.0011096360762430878 0.23592
0.0009388044471711315 0.34854
0.0009346724532824152 0.35918
0.0010134639854639045 0.27863000000000004
0.0010504813730537446 0.25965
0.0009526473543487783 0.327
0.0009656956734661475 0.31309000000000003
0.0010736753815438023 0.24959
0.001001637105437009 0.28576
0.0009526169551486173 0.32703000000000004
0.0009344725826856937 0.35985
0.0009548854787947074 0.32434
0.0009680612743565759 0.31089
0.000967964702264475 0.31098000000000003
0.0009390907329248371 0.34793
0.001079224722406461 0.24734
0.000992148044419247 0.292
0.0009492568976523803 0.33133
0.0010652128003153388 0.25313
0.001135152486622787 0.22730999999999998
0.000944540460898961 0.33815
0.000944998666238126 0.33744
0.0010370760002514391 0.26604
0.0009528619299290022 0.32673
0.0009873539391573706 0.29536999999999997
0.0009883995895579997 0.29462
0.0009316020865158373 0.37722
0.0009670054056715915 0.31185999999999997
0.0011029964779300848 0.2383
0.001040255205787729 0.26448
0.000963132312653851 0.31556
0.0009610506205604748 0.31764000000000003
0.0010911256934793999 0.2427
0.0010886227001309834 0.24366
0.001033008475088439 0.26808000000000004
0.0010687016813287092 0.25166
0.0011120151687447001 0.23508
0.0009699436733565452 0.3092
0.0009656941559582442 0.31309000000000003
0.0009349241932614642 0.35838000000000003
0.0009653244579902034 0.31344
0.0009968870852901438 0.28881999999999997
0.0010966619227605018 0.24061999999999997
0.0009702009129498225 0.30898000000000003
0.0009779312552182224 0.3025
0.0009809262299246696 0.30015
0.0009731775587788634 0.3064
0.0009632588604685449 0.31543000000000004
0.0011033237473990168 0.23818000000000003
0.0009738191500439255 0.30585999999999997
0.0010203184735621958 0.27476999999999996
0.0009736052966691708 0.30604000000000003
0.000982977656704672 0.29859
0.0010152387637282765 0.27760999999999997
0.0010428593340079076 0.26323
0.0009577576632806803 0.32111
0.0011459468254064757 0.2239
0.0009638133125064351 0.31489
0.0009993154485024025 0.28724
0.0009432009815854101 0.34031999999999996
0.001008283944638362 0.28167
0.0009568321662021156 0.32213
0.0009532534773629492 0.32626
0.000990613981545296 0.29306
0.0010202210431401763 0.27483
0.0009827354842232268 0.29877
0.0009368050169472575 0.35313
0.0009539908700319622 0.32538
0.0009573304165572216 0.32158000000000003
0.0009600031856242553 0.31872
0.0009409422340989225 0.34429
0.0010043540927599539 0.28406
0.0009406961762900416 0.34475
0.0010949036267428201 0.24128000000000002
0.0010093619525665051 0.28103
0.001082146296385648 0.24618
0.0010871428714753426 0.24423000000000003
0.0009857933275404585 0.2965
0.0009467921366270654 0.33476
0.0009688540394680625 0.31018
0.001012724479882376 0.27906
0.0009326619747879882 0.36743000000000003
0.0010550255081408864 0.25759
0.0009329088812302518 0.36614
0.001046809499383606 0.26136
0.0009642693430244308 0.31445
0.0009446260932471248 0.33802
0.0011255372677029662 0.23046
0.001052227967589988 0.25886
0.0009920905930021343 0.29204
0.0009547073314224508 0.32454
0.0010238852470367138 0.27284
0.0009349098638322648 0.35841999999999996
0.001016200592422391 0.27707
0.0010639885001872934 0.25366
0.0009494238893462991 0.3311
0.0009855355016796894 0.29669
0.0010443035616447013 0.26254
0.0009801612798864673 0.30074
0.0009663658249460002 0.31246
0.0009685096330497798 0.31049
0.0009501576758362334 0.33014
0.0010928569184464726 0.24205
0.0009454657064270019 0.33671999999999996
0.0010658524371689566 0.25286
0.0009670458005087205 0.31182
0.0009568427466148004 0.32211999999999996
0.0010569333353744792 0.25674
0.001039619179774986 0.26479
0.0009525687408009927 0.32709
0.0009604354618664121 0.31827
0.0009622790868425601 0.3164
0.0009559982764026847 0.32306
0.001101977550623595 0.23867
0.0011200098451143261 0.23231999999999997
0.0010685598465518737 0.25172
0.0009921531910422662 0.292
0.0010563811819750656 0.25698000000000004
0.000959372730271515 0.31938
0.000992512242400116 0.29175
0.0009735278148190339 0.30611
0.0009434086379412227 0.33998
0.0009598149236459914 0.31892
0.0010663840818350544 0.25264000000000003
0.0009735238925701723 0.30611
0.0009587102177974087 0.32009
0.0010852810155195086 0.24495
0.0009749721647813603 0.3049
0.0009520644523009596 0.32771
0.0009332307901929542 0.36463
0.0009774653793595688 0.30287
0.001069212261575383 0.25144
0.0010260907913077415 0.27166
0.0009402725797530179 0.34556
0.0010370548968593985 0.26605
0.0009316086042663586 0.37705
0.0010652681874890886 0.25311
0.0011089763688649985 0.23615
0.0009556158448315242 0.3235
0.0011180050197004588 0.23301
0.0009423133625334348 0.34183
0.001050390681351387 0.2597
0.0009583691315103889 0.32045
0.000988857768604634 0.29429
0.0010206824453527124 0.27457
0.001071303577667333 0.25056999999999996
0.0010139986023047962 0.27831999999999996
0.0009440962049593679 0.33886
0.0009390721763653035 0.34797
0.0010267535402281515 0.27131
0.001054559521331483 0.2578
0.0009398365416277889 0.34642
0.001018000317823017 0.27605999999999997
0.0011009608190231215 0.23904
0.0009968540943177601 0.28884
0.000999941994099895 0.28683000000000003
0.0010227081664289808 0.27347
0.0009471006084283639 0.33431
0.0009433270648987293 0.34010999999999997
0.0009501818826792488 0.33011
0.0009461382771926176 0.33571999999999996
0.0009857344119463909 0.29654
0.0009524502343982945 0.32724000000000003
0.0010191654782178332 0.27541
0.001011305597312761 0.27988
0.0011568417487835016 0.22057
0.0010309910870661373 0.26911
0.0009455386001373062 0.33660999999999996
0.0009441224631791887 0.33881999999999995
0.0009502537603044504 0.33000999999999997
0.0010365752832467209 0.26629
0.0009539741567466513 0.3254
0.00108264917553145 0.24598000000000003
0.0010263969204632067 0.2715
0.0010257843156875814 0.27182
0.0009780475116515964 0.3024
0.0009970422928955954 0.28870999999999997
0.0010141756558331892 0.27821999999999997
0.0009579680848275346 0.32088
0.0009970938117108477 0.28868
0.001032186960120292 0.2685
0.0009444377296417034 0.33831999999999995
0.000957541782211045 0.32135
0.0011092358187090963 0.23606
0.0010052616128334902 0.2835
0.0009410269008958548 0.34414
0.0009514171309424646 0.32852
0.000933744613185074 0.36248
0.0009761077384338597 0.30396999999999996
0.0009512242838079177 0.32877
0.000978705866922312 0.30188000000000004
0.0009482486533180919 0.3327
0.0010365088427676783 0.26632
0.0010085534445692073 0.28151
0.0010564011963715108 0.25698000000000004
0.0009520240035734665 0.32776
0.0009914474896368527 0.29248
0.0009764357412965718 0.3037
0.0009425429953424826 0.34143
0.0009858670512369603 0.29644000000000004
0.00099203495017548 0.29208
0.0009651284458689716 0.31361999999999995
0.0010925222868824894 0.24216999999999997
0.001089630940362891 0.24327
0.0009657621197258174 0.31301999999999996
0.0009461913692708558 0.33564
0.0010856708375294416 0.2448
0.0009588292476265857 0.31995999999999997
0.001026695715494398 0.27134
0.0010067076828121474 0.28262
0.0009599421045326111 0.31879
0.0010610633023142022 0.25492
0.0009840213043976482 0.29780999999999996
0.0010153571601125844 0.27754
0.0009509876392844218 0.32907
0.0010248487176154543 0.27232
0.000997735014927993 0.28826
0.0009523625130060117 0.32734
0.0010654086548678586 0.25305
0.0010420029372428328 0.26364
0.001075842438025296 0.24871
0.0010019027981721235 0.28559
0.0009938838476431448 0.29081999999999997
0.000947216550843145 0.33415
0.0009526768883195621 0.32696
0.0010248028615772976 0.27234
0.0010636258739776358 0.25381
0.0010086577235428073 0.28145
0.0009383814283238944 0.34945
0.0009528465333214138 0.32675
0.0010490101012182885 0.26033
0.0009432585460044633 0.34023000000000003
0.0010749584934010958 0.24906999999999999
0.0009924278564297875 0.29181
0.0009745688252406565 0.30524
0.0010886657451060233 0.24364
0.0009457371943342246 0.33631
0.0010064460480774004 0.28278000000000003
0.001052300654689484 0.25882
0.0009476004732567344 0.3336
0.0010580074307502967 0.25626
0.0010606746269196659 0.25509
0.0010782028894956274 0.24775
0.001050754773043302 0.25953000000000004
0.0010919393262825104 0.24239000000000002
0.0009402601583037724 0.34559
0.0009444684769848057 0.33826999999999996
0.0009400549708352342 0.34599
0.0010339993079868158 0.26758000000000004
0.0009426135960084657 0.34131
0.0009440223719903629 0.33898
0.001029042732786875 0.27011
0.0009395801130005809 0.34693
0.0009745544741807228 0.30525
0.0010185507541896493 0.27575
0.0009643016690382026 0.31442
0.0009415068070828629 0.34326
0.0010271926581224306 0.27108000000000004
0.0009395783651999449 0.34693
0.0009543572870278284 0.32495
0.0010085949761387248 0.28148
0.0010471689919338493 0.26119000000000003
0.0010452220822519973 0.2621
0.0009395549251291705 0.34698
0.0010215339103103378 0.27410999999999996
0.0010511405353746208 0.25935
0.0009935073169736305 0.29107
0.0009498703810833559 0.33050999999999997
0.0009810077938300428 0.30009
0.0009883758022766434 0.29464
0.000987267924914861 0.29543
0.001010503618813711 0.28035
0.0009409245858437631 0.34433
0.0009409037824849269 0.34436
0.0009501632407156089 0.33013000000000003
0.001073648547685385 0.2496
0.001072874558051382 0.24991999999999998
0.0010445811220076708 0.26241
0.0010937194917185861 0.24172
0.000982966283413687 0.2986
0.0010218518319455034 0.27393
0.0009341283049329866 0.36105
0.001013154627548382 0.27881
0.0009551239017002225 0.32406
0.0009336557358538022 0.36283000000000004
0.000958820836067971 0.31997
0.0009316731731274576 0.3757
0.0009779005013486057 0.30251999999999996
0.0010252120216502813 0.27213000000000004
0.0010443589917069763 0.26250999999999997
0.00106722822721321 0.25228
0.0009487855137882648 0.33196
0.001048101212441384 0.26075
0.0010023911437020518 0.28528000000000003
0.0009423760206175021 0.34171999999999997
0.0011494384665761477 0.22282
0.0010404199286786668 0.2644
0.0010491163692870969 0.26028
0.001013252131067366 0.27875
0.0009516071269224479 0.32828
0.0009491134756271703 0.33152
0.0010225430646272468 0.27355999999999997
0.001022579612363669 0.27354
0.000982304451188884 0.2991
0.0010262469913163708 0.27158000000000004
0.0009522012385389683 0.32754
0.0009605125938953614 0.3182
0.0010230547187652962 0.27328
0.0009333409972930906 0.36414
0.0009423791663975865 0.34171999999999997
0.0009930563670676198 0.29138000000000003
0.0010452852773749884 0.26206999999999997
0.0009558412333548281 0.32324
0.0010695765742364386 0.25129
0.0010284227340295123 0.27044
0.0009882776682963394 0.29470999999999997
0.0009983782436023567 0.28784
0.0009782094637573373 0.30228
0.0011271713531441033 0.22991999999999999
0.0009428832889376744 0.34085
0.0009769631733771399 0.30327
0.000948927060652566 0.33177
0.000979816862279874 0.30101
0.0009855629665588422 0.29667
0.000998518063177925 0.28775
0.001015205300049757 0.27763000000000004
0.000943949800316941 0.3391
0.0009485450037033491 0.33229000000000003
0.0009395545822074411 0.34698
0.0009623034978722496 0.31638
0.0011416335540290537 0.22525
0.001007403454964571 0.2822
0.0009655530655770281 0.31322
0.0010489068017813087 0.26038
0.0010227996711485983 0.27342
0.0010110900252269788 0.28001
0.001072359157507424 0.25013
0.0009473980504198223 0.33389
0.001019914240634866 0.27499
0.0010098910531971738 0.28071
0.0010550746733084667 0.25756999999999997
0.0010210858973359407 0.27435
0.0010368341526039541 0.26616
0.0009587384498217463 0.32006
0.0009690892425641693 0.30996
0.0010668947653871325 0.25242
0.0009712314684543141 0.30806999999999995
0.0010537566628717797 0.25816
0.0009457763138903814 0.33625
0.0009779832034781419 0.30246
0.0009995119374321512 0.28711
0.0009480958118539258 0.33291
0.0010680502309240725 0.25193000000000004
0.0009389445343338027 0.34824
0.0010597486095846437 0.2555
0.0009339389168512297 0.36174
0.0010494279085503033 0.26014
0.0009808454894789799 0.30021
0.0009564216322045522 0.32259
0.0009451938293530318 0.33714
0.0010334483825045248 0.26786
0.000992303010730127 0.29189
0.0011114281257165414 0.23529
0.0009824271241185658 0.299
0.0009857581623063212 0.29652
0.0010080851432712197 0.28179
0.0009627593305436141 0.31592
0.0009426997633443628 0.34117
0.0010510701038386043 0.25938
0.0010392418028962232 0.26498
0.000974807016361664 0.30504000000000003
0.000958863683009908 0.31992
0.0009395987773408427 0.34689000000000003
0.0010440767896867536 0.26265
0.0010225573537785268 0.27355
0.0009350436158003545 0.35801
0.0009841065973670478 0.29774
0.0010016416928309544 0.28575
0.0011319314244965474 0.22835999999999998
0.0009778762883520193 0.30254000000000003
0.0010603679238038507 0.25523
0.0009897947642832658 0.29363
0.0010101788344551044 0.28054
0.0009983802903173662 0.28784
0.0009534894341782677 0.32598
0.0011302030738065479 0.22891999999999998
0.0010121449365654929 0.27939
0.0010068903994905798 0.28251
0.0010610530635179435 0.25493000000000005
0.0011140080439236834 0.23439000000000002
0.0009351789290972315 0.35759
0.0010455549227538759 0.26195
0.0010665991532439235 0.25254
0.0009597332016124912 0.319
0.0009428841653553625 0.34085
0.0009357218126081115 0.35601
0.0010901685875577929 0.24306999999999998
0.000960661762609999 0.31804
0.0010862552775970668 0.24456999999999998
0.001073182805154103 0.2498
0.0009764066369569268 0.30372
0.0009606244508984134 0.31808000000000003
0.0010349922284375367 0.26708000000000004
0.0010504100067343517 0.25969000000000003
0.0010439868474147547 0.26269000000000003
0.0009817292412912888 0.29953
0.0009830455298469268 0.29854
0.0010480009396289776 0.2608
0.001021511119161596 0.27412
0.0009567875209256716 0.32218
0.001081024236161539 0.24663000000000002
0.0010277458132486145 0.27079000000000003
0.000993139118425724 0.29131999999999997
0.001047082316089221 0.26123
0.0010487031197000038 0.26047
0.0009359307671809335 0.35543
0.0009960539835207449 0.28936999999999996
0.0010235225842785737 0.27303
0.0009334424195179714 0.36371
0.0010626843078739969 0.25422
0.000984350538533976 0.29756
0.0009437511343283609 0.33942
0.0009414726868369647 0.34331999999999996
0.0009595034548691438 0.31925
0.0009545165134745593 0.32476
0.0009644316244394562 0.31429
0.0009422707417818501 0.3419
0.001007188154568272 0.28233
0.0010261410260778447 0.27163000000000004
0.0010186075488529118 0.27571999999999997
0.0010316134336905446 0.26879000000000003
0.0010490968840977577 0.26029
0.0009424300870111488 0.34163000000000004
0.0009883023650009007 0.29469
0.0009373496793995723 0.3518
0.0010178017812458998 0.27616999999999997
0.0009379918839705439 0.35031
0.0009671063001811409 0.31177
0.0010435162782461455 0.26291
0.0010443785962382982 0.2625
0.0009379152425490283 0.35049
0.0010568035470520018 0.2568
0.0009319098346198916 0.37274
0.0009602716655540896 0.31844
0.0009713120045268581 0.308
0.0010176944066531423 0.27623000000000003
0.0009769821256299359 0.30326
0.000989379261556827 0.29391999999999996
0.0009357631267514537 0.35589
0.0009905142256328534 0.29313
0.0009470123188563586 0.33444
0.0009552151244744048 0.32395999999999997
0.0009690793877134468 0.30996999999999997
0.0009389079763414287 0.34831999999999996
0.0011030891589141228 0.23826
0.0010627774975532373 0.25418
0.0010579891833610885 0.25627
0.0009403026421850203 0.3455
0.0009752408125358579 0.30468
0.0009449111915480988 0.33757
0.0009608624661764677 0.31784
0.0009617103372621565 0.31697
0.0009661816634836855 0.31263
0.00100254445749941 0.28519
0.0009569810098963213 0.32197
0.0009487088667725936 0.33207
0.0009468843329707687 0.33462
0.001008075579503053 0.2818
0.0009363594325822156 0.35428000000000004
0.0009360682510101273 0.35505
0.0009907942280311512 0.29293
0.0009974513371695608 0.28845
0.0010800382058456207 0.24702
0.0009456100945628592 0.33651
0.0009606674147581995 0.31804
0.0010343663386615353 0.26739
0.0009821257279915593 0.29923
0.0009624702967542771 0.31621
0.0009514549101389744 0.32847
0.001022603265571766 0.27353
0.0009481040710650403 0.3329
0.0009432152147951355 0.3403
0.0009507193730513261 0.32941
0.00097571073334185 0.30429
0.0009578526725522187 0.32101
0.0009500654509623373 0.33026
0.0009519133506191404 0.3279
0.001028973615504447 0.27015
0.0009478920846464333 0.33319
0.0009951847015509374 0.28994000000000003
0.0010679772023946218 0.25196
0.0009335101552304738 0.36343000000000003
0.0011090228969476972 0.23614000000000002
0.0009678683339861046 0.31106999999999996
0.000946473893141489 0.33521999999999996
0.0009661498323661996 0.31266
0.0009473987737441227 0.33389
0.0009691682023901775 0.30989
0.000993465820274349 0.2911
0.0010155401913690251 0.27744
0.0010494593143255027 0.26011999999999996
0.0010780864864953805 0.2478
0.0009411026410989265 0.344
0.00093811306941429 0.35004
0.0009380073398761802 0.35028000000000004
0.0009527186869167667 0.32691
0.0009574839007898494 0.32141
0.0010116362542292932 0.27969
0.0010602547551578161 0.25527
0.0009839103985874954 0.29789
0.0009664480579123655 0.31238
0.0010123309744940194 0.27928000000000003
0.0010918044019659092 0.24245
0.0010298492373306324 0.2697
0.0009353951956041775 0.35695
0.0009414973915598157 0.34326999999999996
0.0010151433984819792 0.27767
0.0009393076347413708 0.34748
0.0009339612656887464 0.36166
0.0009982820189073098 0.2879
0.0010266267733090358 0.27138
0.000992307190869555 0.29189
0.0009352823351961086 0.35728000000000004
0.0009840821565018623 0.29775999999999997
0.0010274504153615592 0.27094
0.0009635519099291395 0.31514000000000003
0.0009662636424753932 0.31255
0.0009569341927822575 0.32202
0.0009470063321776618 0.33445
0.0009653343948885391 0.31343000000000004
0.0010246365620668807 0.27243
0.0010893664813255263 0.24336999999999998
0.0010423574263804364 0.26347
0.0010007730487813409 0.2863
0.0010340186583570085 0.26757
0.0010704557283988502 0.25092
0.0010301044143587932 0.26955999999999997
0.0009571836859620035 0.32174
0.00106263498066238 0.25424
0.00093757227103162 0.35128000000000004
0.0009695421854812973 0.30956
0.0010609547894972814 0.25497
0.00113552130518959 0.22719
0.0009839941680818926 0.29783000000000004
0.0009449007590075898 0.33759
0.00100736755092897 0.28221999999999997
0.0009766081578295076 0.30356
0.0010772067811221843 0.24816
0.0011025188815698642 0.23847
0.0010711887768332083 0.25062
0.0009695780760909252 0.30953
0.0010023409818424413 0.28531
0.00112548717185439 0.23048000000000002
0.0010533730751751582 0.25834
0.0009420302436311327 0.34231999999999996
0.0011092094486061664 0.23606999999999997
0.0009853751254475405 0.2968
0.0009562908701260818 0.32273
0.0010737219273413263 0.24957
0.0010236476069400186 0.27296
0.0009600163162259408 0.31871
0.0009694091956236527 0.30968
0.0009939057875478978 0.2908
0.0009532942906429062 0.32621
0.0009388787582539561 0.34838
0.001051201824568848 0.25932
0.0009897437489420045 0.29367
0.001003518625035741 0.28458
0.001066984472704602 0.25238
0.0009489379603050556 0.33176
0.0011193673628867719 0.23254
0.0010173922301414502 0.2764
0.0010271090105806223 0.27111999999999997
0.0009387879507525806 0.34857
0.0009809969230806896 0.3001
0.0010759772588500212 0.24865
0.000944191327978734 0.33871
0.0010568907970434516 0.25676
0.0009743919710506695 0.30538000000000004
0.0009477852556703047 0.33334
0.0009495115406251668 0.33099
0.001058583886839256 0.25601
0.0009488524594195449 0.33187
0.0009941084362022185 0.29067
0.0009874794045029837 0.29528000000000004
0.0010336427148873453 0.26776
0.0010033352353804072 0.28469
0.0009596202543085409 0.31911999999999996
0.0009455416707692357 0.33660999999999996
0.0009990525371813808 0.28741
0.000985687415446409 0.29658
0.0010428916814659418 0.26321
0.0009804070777535913 0.30055
0.000945779559432905 0.33625
0.0009583062918027413 0.32051999999999997
0.0010917603722330371 0.24245999999999998
0.0011038966435539157 0.23797
0.0010352899697163118 0.26693
0.0009691511353677701 0.30990999999999996
0.0010410467122142382 0.2641
0.0009912428006075655 0.29262
0.0010624967537428698 0.2543
0.000970035815436941 0.30912
0.001057594002336701 0.25645
0.00093221768099461 0.3702
0.0010333309009511059 0.26792
0.001009379585344501 0.28102
0.000936920502133066 0.35285
0.0010636944051790438 0.25378
0.0010351837383824579 0.26698
0.000963147152083556 0.31554
0.0011516417101575084 0.22214
0.0009747298071333694 0.3051
0.0010090930277148404 0.28119
0.0009820831130206021 0.29925999999999997
0.0010057465632704727 0.28321
0.0009599024587528976 0.31883
0.0010682198966242991 0.25186
0.0009676678374033877 0.31125
0.0010088568484386065 0.28133
0.001033833643040099 0.26766
0.0010249332794287358 0.27228
0.0011237518004992935 0.23106
0.0010644005065665724 0.25348000000000004
0.0010820890461716596 0.24620999999999998
0.0010976353479524037 0.24026
0.0010106733811063554 0.28025
0.0009462812578389621 0.3355
0.0011012030677715525 0.23895
0.0009407427953710022 0.34467
0.0009635765096683398 0.31511999999999996
0.0010912562750531206 0.24265
0.0009459263916552804 0.33603
0.0009597140017250802 0.31903000000000004
0.0010024208484810488 0.28526
0.0009552921806093117 0.32387
0.0010762772825442222 0.24853000000000003
0.0010008464517462633 0.28626
0.0009626446194024486 0.31604
0.0009709037053943992 0.30835999999999997
0.0010254728881210122 0.27199
0.0010077527668977725 0.28199
0.0009736759765856896 0.30598000000000003
0.0010514660147138068 0.2592
0.000947161528221859 0.33423
0.00096729871880338 0.31159000000000003
0.0009752958539908008 0.30463
0.0010528640646485052 0.25856999999999997
0.0011281169604656432 0.22960999999999998
0.0009698474719704792 0.30929
0.0009644458505632515 0.31428
0.0009705213189494261 0.30869
0.0009456858700091103 0.33639
0.0009458327553759627 0.33616999999999997
0.0010136008157092691 0.27855
0.0010111466147712078 0.27997
0.0009706421845939519 0.30859000000000003
0.0009734606653740236 0.30616
0.0010458837481439117 0.26179
0.0010618594345478574 0.25458000000000003
0.0010095268871029913 0.28093
0.000936509348676022 0.35389
0.0009933540290958593 0.29118
0.0010059113236422525 0.2831
0.0010980949904301053 0.24009
0.0009499380036074459 0.33042
0.000944749270023741 0.33783
0.0009533467574810364 0.32615
0.0009529953773885629 0.32656999999999997
0.001024223632838423 0.27265
0.001015022831192411 0.27773000000000003
0.0009947464183046523 0.29024
0.001057045668999576 0.25669000000000003
0.000993770701746676 0.29089
0.0010692081103390913 0.25144
0.000941896232467174 0.34256
0.0010738417731713129 0.24952
0.0010255636780940342 0.27194
0.0009938620336068897 0.29083000000000003
0.0009983537902435577 0.28786
0.0009895274727385224 0.29381999999999997
0.0009556666375253984 0.32344
