0.0009940694697613231 0.281
0.0009698915524258908 0.33361
0.0009701077726920245 0.32929
0.0010446280597224186 0.2428
0.0009803512334387971 0.37065
0.0010085760908001417 0.26736
0.0010066199896688476 0.26900999999999997
0.0009723378308345276 0.35198
0.0010066273454810311 0.26900999999999997
0.0009711541877867494 0.32205
0.001036256253669172 0.24775
0.0010370960180396205 0.24724000000000002
0.000976357165839563 0.30651
0.000998608239304625 0.27634000000000003
0.0009749696476593968 0.30966
0.0009785427955098774 0.30218
0.0009793041944460097 0.3008
0.0009826876446840363 0.2953
0.0009926154303364569 0.28259
0.0010498358150944072 0.23988
0.001026356986436315 0.25411
0.0009712996340924548 0.32136
0.0009716914802660084 0.3495
0.0009706186466558592 0.34406
0.000981929910706574 0.29646
0.000970353162102097 0.32694
0.00108710351114808 0.22177
0.0009981766682056984 0.27676999999999996
0.0009938434837859212 0.28124
0.0009876414811825914 0.28848
0.0010058445223809706 0.26968000000000003
0.0010719332384320315 0.22864
0.001007216069031545 0.26850999999999997
0.0009800292701822458 0.37009000000000003
0.0009699552427494327 0.33158000000000004
0.0010282443458866565 0.25285
0.000984123327086719 0.2932
0.0009713085458307709 0.32132
0.000978098809230722 0.36651999999999996
0.0010024275373892114 0.27273000000000003
0.0009710109740263956 0.34635
0.0009701085853057448 0.33979000000000004
0.0009748845441632631 0.30987
0.0009748902477353995 0.30985999999999997
0.000980862759431064 0.29816
0.0010114558120018929 0.26500999999999997
0.0009756221028906851 0.36125
0.0009700176957093044 0.33858
0.0009992777307347872 0.27569
0.0010463899385365276 0.2418
0.0009698981574739081 0.33582
0.0010203781316217692 0.25826
0.001078790069836436 0.22546
0.001025700591462946 0.25455
0.0009709203322007595 0.34586
0.0009765713152633962 0.36339
0.0010193014312967238 0.25904
0.0009760108940315936 0.30726
0.000970227913401692 0.32803000000000004
0.000970890221527765 0.32342
0.0010672683740417135 0.23088000000000003
0.0009817733633373715 0.29671
0.0010277270039870693 0.25319
0.0009838375830781019 0.29361
0.0009809284082617218 0.37163
0.0009754090857607976 0.30862
0.0009823675464150946 0.29579
0.0010402414331894076 0.24535
0.001005165995140796 0.27026999999999995
0.0009923705161619645 0.28286
0.000984816811672832 0.29223000000000005
0.0009764183743565983 0.30638000000000004
0.0009731496880154942 0.31456999999999996
0.0009774409671268215 0.30428
0.000977043815491063 0.30508
0.0009704108384879687 0.32649
0.0010156160980423284 0.26177
0.0009705236811365427 0.34342
0.0009737095693677551 0.31294
0.0009827938023645366 0.29514
0.0009993234269365416 0.27565
0.0009954935665502365 0.27949
0.001049934636523577 0.23983000000000002
0.0009870943106588797 0.28918
0.001066685735965703 0.23116
0.0009802044271880763 0.37039
0.0009828197162099546 0.29511
0.001062910920564812 0.23303000000000001
0.0009722475573118085 0.35166
0.0009717646894594837 0.3498
0.0009699449686442811 0.33726
0.0010245463826552379 0.25534
0.000980994586353173 0.29795
0.0009832266657838157 0.2945
0.0009703184920737172 0.32721999999999996
0.0009704103351220192 0.32649
0.0010565571719433596 0.23628000000000002
0.0010408346868471744 0.245
0.0009712172929613469 0.32175
0.0010440868099894584 0.24311
0.001053021616512691 0.23815
0.0010620826462393938 0.23345
0.0010217809037276636 0.25726
0.0009730231687911161 0.35428000000000004
0.0009851196865175924 0.29181
0.0009699364976771851 0.33705999999999997
0.0010539411314121397 0.23765999999999998
0.0009982894054119602 0.27666
0.0009717557160579072 0.34976999999999997
0.0009799875992314439 0.29962
0.0009723473590191529 0.31718
0.000975372418848771 0.36066
0.0010327284646423052 0.24995
0.0010241626041226214 0.2556
0.0009953843385609963 0.27960999999999997
0.0010107487803141927 0.26558000000000004
0.000982620989121479 0.2954
0.0009742564181620089 0.35785
0.0009746035441272243 0.31056999999999996
0.0010248433281397306 0.25513
0.0010990392166805266 0.21675999999999998
0.0009731257384523014 0.3546
0.0009794543422492982 0.30054000000000003
0.0010381127485153577 0.24661999999999998
0.0009709993146402665 0.32283
0.0010002314130418413 0.27478
0.000972914762730288 0.35393
0.000979590750882053 0.3003
0.0009988954308163612 0.27605999999999997
0.0009796358598856303 0.30022
0.0010030348020202212 0.27216999999999997
0.0010126915243636142 0.26403000000000004
0.0009782484110067722 0.30272
0.0010156673897657933 0.26173
0.0009755691158932969 0.30825
0.0009849631099002572 0.29203
0.0009796758985298262 0.30015
0.001015326890831268 0.26199
0.00099995243466653 0.27504
0.0009809224222681275 0.29806
0.0010495086240601811 0.24006
0.0011138509380302912 0.21094000000000002
0.0009720793818538417 0.31814000000000003
0.0009871610966271235 0.2891
0.0009840363966069185 0.29333000000000004
0.0010046328504938345 0.27074000000000004
0.001010799636110077 0.26554
0.001063859804315193 0.23256
0.0009900302816082934 0.28556
0.0010383409972157132 0.24649000000000001
0.0010266003810119727 0.25394
0.0010604863841373905 0.23425
0.0010537859525574691 0.23774
0.0010417099694418458 0.24449
0.0010793732954832108 0.2252
0.0010058755628465095 0.26966
0.0009725413246234295 0.31651
0.0009698848303853435 0.33464
0.0009778880967419013 0.30341
0.000970684580516089 0.32461999999999996
0.0009700693725021317 0.33931
0.0009713669236129419 0.32105
0.001003013103259176 0.27219
0.0009793898685601684 0.30065
0.0010052626585421497 0.27019
0.0009805675215158877 0.29865
0.0009929145299365954 0.28226
0.0009709628291784381 0.32303000000000004
0.000970407998811 0.34258
0.0009702216867164595 0.34099
0.0009992325580187172 0.27574
0.0009701993513893708 0.34076999999999996
0.0010970435670441237 0.21756999999999999
0.0009910728461956857 0.28434
0.001089231438165092 0.22085
0.0010676607258167429 0.23069
0.0009705796253623113 0.34381
0.0009895207249281854 0.28617
0.0009782731631238178 0.30268
0.0009854808625777568 0.29131999999999997
0.001008309536733457 0.26759
0.001039950326712671 0.24552
0.0009948820016985702 0.28013000000000005
0.0010325576652356339 0.25006
0.0009723469838233636 0.31718
0.000985488286200897 0.37864000000000003
0.001001387658041196 0.27369
0.0009954073499484223 0.27958
0.0009706336561640724 0.32494
0.0010277982937951344 0.25314000000000003
0.0009699054475243668 0.33613000000000004
0.0010022616227932592 0.27288
0.0010364354411421819 0.24764
0.001012453146494713 0.26421999999999995
0.0009865577594428013 0.28988
0.0009981273526872645 0.27681999999999995
0.0009715271724544067 0.3488
0.0009741163628273804 0.31183
0.0010704546808751794 0.22934000000000002
0.0011312295690100351 0.20459000000000002
0.0009850582259449947 0.29189
0.0009703555420058742 0.34215999999999996
0.001084973599542815 0.2227
0.0009841539776392556 0.29316
0.0009700340347966377 0.33024000000000003
0.001033882698227094 0.24921999999999997
0.0009699177917266433 0.33655
0.00098533728703477 0.37843000000000004
0.0010251467110077867 0.25493000000000005
0.0009705951212837349 0.34391
0.0009699833544895484 0.33104
0.0009703641735582584 0.34223000000000003
0.0010103941359022738 0.26587
0.0010156011490796127 0.26178
0.001012724266623361 0.26400999999999997
0.0009721324001485947 0.31795
0.0009702303987477814 0.34107
0.0009796708902062923 0.30016
0.00106375718379579 0.23260999999999998
0.0009705186666653121 0.3257
0.0010380230023904935 0.24668
0.0010802002093047317 0.22482
0.000971458150028641 0.32064000000000004
0.0009965683756202413 0.27838
0.001002705298706881 0.27247
0.0009801339198141296 0.29936999999999997
0.0010739543840567738 0.22769
0.0009702990728040709 0.32739
0.0009704040937195733 0.34255
0.0009703393774758668 0.34203
0.00098676792963026 0.28961
0.0010319846266947884 0.25042
0.0010773949300027803 0.2261
0.0009726657459929009 0.35312
0.0010159639710458333 0.26150999999999996
0.0010962844095954475 0.21789
0.0009900251711957363 0.28556
0.0009907638691099762 0.2847
0.0009746001474316807 0.31056999999999996
0.001060652452612053 0.23417
0.0009698994976717769 0.33588
0.0009778399189199346 0.3035
0.0010070543287216153 0.26864
0.0009704349516171511 0.3263
0.000984205038544655 0.37679
0.001038976484059084 0.2461
0.0009717304391511206 0.3195
0.0009726325795420857 0.31621
0.000982882778909557 0.29501
0.0009706461892683006 0.32486
0.0009706198193755678 0.34407
0.0010652335449482949 0.23188000000000003
0.000969976985103236 0.33115
0.0009862197039382516 0.29033000000000003
0.0009702441831877177 0.3412
0.000998367413348402 0.27658
0.0010123802105942979 0.26428
0.0009700518264170238 0.32999
0.0009940688333815735 0.281
0.0009719348005104249 0.31869000000000003
0.001003396969349896 0.27185
0.0010021328734453494 0.273
0.001076888044403718 0.22633000000000003
0.0009705885857233192 0.32523
0.0010267672725328102 0.25383
0.0010519990021323827 0.2387
0.0009715566493557653 0.34893
0.0010283069579414658 0.25281
0.0009795356192700045 0.3004
0.0009764895548101806 0.30623
0.0009781576806915631 0.36663
0.0009731694809905791 0.35474
0.0009800962145002517 0.37021
0.0009929903951213157 0.28218000000000004
0.001039412619915917 0.24584
0.0010714282157713467 0.22888000000000003
0.0010060290235131145 0.26952
0.0009758567871116654 0.3618
0.0009898205089718841 0.28581
0.0009902488653843464 0.2853
0.0010012887714091828 0.27378
0.0009730851230423841 0.35447
0.0010326758194941096 0.24998
0.0010553980786975193 0.23689000000000002
0.0009704954563160675 0.32586
0.0009927890060801926 0.2824
0.0009877334205448073 0.38171
0.0009779133250259963 0.36616
0.0009705518709337764 0.32547
0.0009854917747393027 0.2913
0.0010864212656691982 0.22207
0.0009699106618888853 0.33274000000000004
0.001015542317299359 0.26183
0.000970587930341598 0.32523
0.001045935926854494 0.24206
0.0009929020989213905 0.28226999999999997
0.0009815766061199362 0.29702
0.0009700006701291791 0.33831
0.000977267047112074 0.30462
0.0009758597378197613 0.30759000000000003
0.0009698877978598849 0.33391
0.0009769130448550136 0.30534
0.0009778702531455345 0.30344
0.0009712289288744527 0.34744
0.0010133932107222279 0.26348
0.00098710226242505 0.28917
0.0010383583488100545 0.24648
0.0010179875098012157 0.26
0.000985781534870474 0.29091
0.0010099039902948834 0.26627
0.000972834399108268 0.35367
0.0009724313121508385 0.31689
0.0009772279803628298 0.3047
0.0010076169472892343 0.26816999999999996
0.0009701537332447345 0.3403
0.0010023890282174236 0.27276
0.0010751516058760914 0.22713000000000003
0.0009699730610098378 0.33123
0.000976993691829961 0.36428
0.0009699376111554534 0.33709
0.0009749215214408229 0.30978
0.0009732554615581011 0.31425
0.0009718416340306998 0.31905
0.0009719139043032329 0.31877
0.0010277883490574882 0.25315
0.0009728198076434266 0.3156
0.0009699520098061727 0.33165
0.0009752468035220936 0.36036
0.0009729800486605502 0.31509000000000004
0.0009701884420222324 0.34066
0.0009703382390342243 0.34202
0.000997647960891658 0.27729000000000004
0.0009773358841754713 0.30449
0.0009705661591122499 0.32538
0.000991987644880338 0.28329
0.0009744660169862676 0.31090999999999996
0.0009847493390255024 0.29231999999999997
0.000971069712100849 0.34665
0.001037946724378629 0.24672
0.0010631625858416904 0.2329
0.0010284241723475301 0.25273
0.0009773101882938433 0.30454000000000003
0.0009842449875815148 0.29303
0.0009800791160792359 0.29946
0.0010339771365348498 0.24916
0.0009835691487477128 0.294
0.0009890899502354152 0.38347
0.0009965216913159717 0.27843
0.00102944225680688 0.25206
0.000983546502496209 0.29403
0.0010284034268520526 0.25274
0.0009703075018550535 0.34176
0.001060759673471485 0.23412
0.0009704669531725988 0.32606999999999997
0.0009724664747401253 0.31677
0.001101673681113418 0.21569000000000002
0.0009761930940622537 0.30685999999999997
0.0009708626912107168 0.32356999999999997
0.0009703312638203516 0.32711999999999997
0.0010395062264216871 0.24579
0.0009735119132825526 0.35577
0.0009744914811183612 0.35846999999999996
0.0010658756247305839 0.23156
0.0009898059579328052 0.28581999999999996
0.0009708762435285313 0.3235
0.0009863943464005023 0.2901
0.0010251781402685648 0.2549
0.0010598656310873528 0.23456999999999997
0.000982828356704443 0.29509
0.0009709291491155123 0.32321
0.0009703797333784683 0.34236
0.0009779704667485538 0.30325
0.000980101716129868 0.37021
0.0010445383914683786 0.24285
0.0009778711520133016 0.30344
0.000980521503584676 0.29872
0.0009748645695516862 0.35941999999999996
0.000970695747527605 0.34455
0.000972494387704716 0.35253
0.001051497680757666 0.23898000000000003
0.0010102527960716336 0.26598
0.000980894737513488 0.29811
0.001009111893860168 0.26692
0.0009778420782518078 0.36601
0.0009700805186487378 0.32961999999999997
0.0009751125558978569 0.30932
0.0009715665786310233 0.32018
0.0009773755893536973 0.30441
0.0010031834033983626 0.27204
0.0009746813946453732 0.31037
0.0009704540880927518 0.32616
0.0009711896268360913 0.32188
0.0010062883156597099 0.2693
0.0010412380053678439 0.24475999999999998
0.0009738036665714936 0.31267
0.0010042524436933878 0.27108000000000004
0.0009698882624767163 0.33386
0.0009807958983864035 0.29827
0.0009702687216257315 0.32765
0.0009698949975578322 0.3334
0.0009849963948339534 0.37794
0.001020898981620615 0.25789
0.0009699855335685685 0.331
0.0009800783632658377 0.37017
0.0009823431620420847 0.29583000000000004
0.0010279464925922925 0.25305
0.0009700175921299306 0.33858
0.0011137439546955018 0.21098000000000003
0.0010926278570623394 0.21941
0.0009866760064756082 0.28973000000000004
0.0009995246213006042 0.27545
0.001000913230603778 0.27413000000000004
0.0009875448503826594 0.28861
0.0009790645505241872 0.30123
0.0009699092283578037 0.33279000000000003
0.0009963203358077392 0.27864
0.0009795394606489389 0.36922
0.0009699205347171103 0.33663000000000004
0.0009789514582418705 0.30143000000000003
0.000999650407272437 0.27533
0.0009714702572651559 0.34855
0.000975323725924343 0.30882
0.0009699202845244862 0.33243
0.0009724576216843679 0.35241
0.0010161541954972605 0.26136
0.0009767315447303019 0.36373
0.0010720369293958259 0.22859000000000002
0.0009850757973660644 0.29186999999999996
0.0009805382173089167 0.29869
0.0010162971838420705 0.26126
0.0010407100784386898 0.24506999999999998
0.0009699351489098 0.33702
0.0009726389230335548 0.35303
0.0009708135513673718 0.32385
0.0009732199254496698 0.31436
0.0009699002665064452 0.33314
0.0009722101884446018 0.31767
0.0009704489648259201 0.34289000000000003
0.0009927811882592915 0.28241
0.0010202442878825724 0.25836
0.0011237241697678543 0.20726999999999998
0.0009793976552699983 0.30064
0.001005422828767615 0.27005
0.0009700516311810818 0.33907
0.0009699836054273479 0.33104
0.0009980511020605942 0.27689
0.0010238579945096439 0.41631
0.0009774110259812194 0.36515
0.001101377557743631 0.21581
0.0009922483092673425 0.283
0.0009702281850181076 0.34105
0.001019965515920833 0.25856
0.0009991582932843573 0.27581
0.0010001306942099338 0.27487
0.00105159791690224 0.23892
0.0009822051762456996 0.29604
0.000969959616928743 0.33149
0.0010019831013967318 0.27314
0.0011207333056625047 0.20836999999999997
0.0010322701832918045 0.25024
0.0010165900200570905 0.26104
0.001092888277963298 0.2193
0.0010324857967989086 0.2501
0.000993603359412291 0.2815
0.0009819035916720591 0.2965
0.0009780872018205736 0.30303
0.0009720918128690466 0.35108
0.0010064451065149587 0.26916999999999996
0.0009878968540794283 0.28815999999999997
0.0009767383021666782 0.3057
0.000982500631752078 0.29559
0.000976744494387551 0.30569
0.001013296042464574 0.26356
0.0011255133806823679 0.20663
0.0009767004657019387 0.30578
0.0009723998124709897 0.3522
0.0009708771513384025 0.34562
0.0010190109513261638 0.25925
0.0009804389115157686 0.3708
0.0009730473281211701 0.35435
0.001041676758839391 0.24450999999999998
0.001001595080021961 0.2735
0.0009739330740955323 0.31232
0.0009699155139118892 0.33648
0.0009889419207793557 0.28686999999999996
0.0010056519642266382 0.40124
0.0009765837995586388 0.36341
0.0009893615944086287 0.28636
0.0009869720085681068 0.28934
0.0009751643100026266 0.36016
0.0010558260429614533 0.23665999999999998
0.0011099549170641558 0.21243
0.000970686409548988 0.32461
0.0009708270954882574 0.34534000000000004
0.0009728921364122248 0.31537
0.0010527543861993754 0.2383
0.0009838048637324974 0.29366
0.000977664775886142 0.30384
0.0009802464103673503 0.29918
0.0009699281368097472 0.33221
0.0009851608926652693 0.29175
0.0009810928850418343 0.29779
0.000977085438191761 0.36448
0.0010594929405776652 0.23476
0.001037540964104628 0.24697
0.0009788895518681188 0.30154000000000003
0.0009703741300324165 0.34231
0.0009727755826041089 0.31574
0.0010421833128354222 0.24420999999999998
0.0009703360158035648 0.32708000000000004
0.0009823858194187576 0.29575999999999997
0.0011052316598018663 0.21427
0.000982340663282839 0.37394
0.0010206675012810562 0.25805
0.0009921341435599328 0.3872
0.0009704131915654334 0.34262
0.0009717322171395081 0.34967
0.0009728479830960347 0.31551
0.0009772311583494077 0.3047
0.0009706926768462773 0.32456999999999997
0.0010369379581507492 0.24734
0.0010033437418471632 0.27189
0.0010239389606059354 0.25575
0.0009902001011093784 0.28536
0.00104427547013153 0.243
0.0009713327886204644 0.34793
0.0009754261776615292 0.30858
0.0009751019716134652 0.36001
0.0010039424341672292 0.27136
0.0010012078746141993 0.27386
0.0009698941102402832 0.33560999999999996
0.0010929326144063303 0.21928000000000003
0.001036755863934989 0.24745
0.0010755325115714357 0.22695
0.001008265029645269 0.26761999999999997
0.0009813345973841373 0.2974
0.0009735793125301104 0.35596
0.001080503916882947 0.22469
0.0009741572712775044 0.31172
0.0010090980306179382 0.26693
0.000973363707033641 0.35533000000000003
0.0010430648893674018 0.2437
0.0009709666556538655 0.32300999999999996
0.0009887070295859217 0.28715
0.0009705914300576339 0.32521
0.0009701684756075843 0.32861999999999997
0.0009760840622404245 0.36230999999999997
0.0009700945599878764 0.33962
0.001006897919955028 0.26878
0.0009874105532042615 0.28878000000000004
0.0009757382375376657 0.30787
0.000970039887590138 0.33891
0.0009772270870838777 0.3047
0.0010007924825761992 0.27425
0.0009777863722958578 0.3036
0.0010091695460278409 0.26687
0.0009738680377990127 0.3125
0.0009701289885794423 0.34002
0.0009922168162940718 0.28304
0.0009880096801478508 0.28802
0.0009713782424539356 0.321
0.001016618529161962 0.26102
0.0011059794449432175 0.21398000000000003
0.00097097456345469 0.34615
0.0010783587362621526 0.22566
0.0009700083323947256 0.33061999999999997
0.0010637399955811444 0.23262
0.0010507116176351797 0.2394
0.0009783952474370946 0.36709
0.000971611816177349 0.31998000000000004
0.0010775723376244644 0.22601999999999997
0.000969969105432781 0.33776
0.0010322843906187525 0.25023
0.0010220232433213183 0.25709
0.0010241039821092294 0.25564000000000003
0.0009699400434077988 0.33191
0.0010125327729520173 0.26416
0.0010113162360013085 0.26511999999999997
0.0009772180984062065 0.30472
0.0009727215318689073 0.3533
0.0009811001057909855 0.29778000000000004
0.0009821570379180264 0.29611
0.0009698934740468271 0.33348
0.0009731638608780822 0.35472
0.0009788719135675613 0.36799
0.00097169783456252 0.31963
0.0010018813387604514 0.27323000000000003
0.0010797631907876956 0.22501999999999997
0.0009705177946238577 0.34338
0.0009989372588128684 0.27602
0.0009699724417691211 0.33782
0.0009724473362152922 0.35236999999999996
0.0009723386643131575 0.35199
0.000992656505146978 0.28254
0.0009715812947264422 0.34904
0.0009699348962953557 0.33702
0.0009706168455670358 0.32504
0.000975123468804578 0.30929
0.0009740647188222683 0.31196
0.000981881054961332 0.29654
0.0010297585526322995 0.25186
0.0009712795415568787 0.32145
0.0009729322229339367 0.35399
0.0009748814008273388 0.35946
0.0009713632040701777 0.34807
0.0010473312611789163 0.24126999999999998
0.0010068895406445 0.26878
0.0009919483743256355 0.28334000000000004
0.0009700176457825559 0.33858
0.0010098507417409472 0.26631
0.001009547701094671 0.26655999999999996
0.0009713843810221833 0.32097
0.0009709985791521952 0.34628000000000003
0.0009705133377300835 0.32574000000000003
0.0010581470575798846 0.23545
0.0009703324887023348 0.32711
0.001021500691155677 0.25745999999999997
0.0009702914312171404 0.32745
0.0009702323457046796 0.34109
0.0009715824436005396 0.32011
0.0009762433224204924 0.30675
0.0009721102250342064 0.31803000000000003
0.0009706452306002115 0.32486
0.0009699119191859963 0.33636
0.0010329492321547245 0.24981
0.0009764412245998545 0.3631
0.001019186931564463 0.25911999999999996
0.0009699789460321721 0.33111999999999997
0.0010752326951126094 0.22709000000000001
0.0009752287618953772 0.36032
0.000970069131251612 0.32976
0.0009799284446039694 0.29972
0.000998293618447101 0.27665
0.0009737937017141127 0.3127
0.0009737085790297136 0.35633000000000004
0.0009704374036166435 0.3428
0.0009703265952967778 0.32716
0.0009700029881834023 0.33835
0.0009772544814064242 0.30465
0.0009701286946077662 0.34002
0.000978903186900397 0.30151999999999995
0.0010300547751104078 0.25166
0.0009793519629804149 0.36888000000000004
0.0010083643415861139 0.26754
0.0010528042257623748 0.23826999999999998
0.001075111855055875 0.22715
0.001073220245684213 0.22803
0.0009888644011190628 0.28696
0.0009756153165787636 0.30815
0.0010347352524146792 0.24869000000000002
0.0009709848468745334 0.34621
0.0010667382311473597 0.23114
0.0010325444814070304 0.25006999999999996
0.0009699126975216502 0.33266999999999997
0.0010332750753530343 0.2496
0.0009702455714493967 0.32786
0.0009765243023367966 0.36328
0.0009760510096151441 0.30717
0.0009709660416293761 0.34611
0.0009736625527152791 0.31306999999999996
0.000984444543118687 0.29275
0.001000012502133809 0.39579000000000003
0.0009768989075745488 0.36409
0.0009762921837545499 0.30665
0.0009936441639104537 0.28146
0.0009783702048879559 0.36704000000000003
0.000982796873045864 0.29514
0.0009716357812029305 0.31988
0.0010166667686471891 0.26098000000000005
0.0010193922333350603 0.25897
0.0009801852219700493 0.29928
0.0009755706112739326 0.30825
0.0010164904083694607 0.26111
0.0009734850543684959 0.35569
0.0009996571404906145 0.27533
0.0009968855237399684 0.27806
0.0009791738528446684 0.30103
0.0010079840571807185 0.26786
0.0010458691192761652 0.24209
0.0009709068014930303 0.34578000000000003
0.0009730212350610802 0.35427
0.0010227109075290587 0.25661
0.0009763699567744624 0.36295
0.0010134968964697953 0.2634
0.0009698995459218809 0.33316999999999997
0.0010848965295958463 0.22273
0.0009699743428977353 0.3312
0.0009786707965154411 0.30194
0.0009890089714711429 0.28678000000000003
0.000976553406464186 0.30609000000000003
0.0009918332886992552 0.28347
0.0009814132873423192 0.29727
0.0009760405535009132 0.30719
0.0009777243168870358 0.36578
0.0010294909009223225 0.25203000000000003
0.0009872537724088801 0.28898
0.001038072521714386 0.24665
0.0009900048800709292 0.28559
0.0010335189280252393 0.24945
0.0009919440031270267 0.28334000000000004
0.001080134635736784 0.22485
0.0011154778640979873 0.21031999999999998
0.0009941134882007745 0.28095
0.0009744149596204508 0.31105
0.000974618037601507 0.31053000000000003
0.000970858771215783 0.32359
0.001003170566448885 0.27205
0.0009716637325440516 0.31977
0.0009712435654224026 0.32161999999999996
0.001070629663882565 0.22926
0.0010121690986914888 0.26444
0.0009900197591734558 0.28557
0.0009698855614023628 0.33486
0.0009712447923536182 0.32161999999999996
0.0009732096589825657 0.31439
0.0010417847161183639 0.24444000000000002
0.000978955314338018 0.30141999999999997
0.0009710641963129009 0.34662
0.0010618628889984569 0.23356
0.0009810389317383098 0.29786999999999997
0.0009706838660792212 0.32461999999999996
0.0009889145443410176 0.2869
0.0009716192947571713 0.31995
0.0009715146371146527 0.34875
0.001056106708972641 0.23651999999999998
0.0009768703867331654 0.30543000000000003
0.001155471204613085 0.19648
0.0010214166676049206 0.25751999999999997
0.001030853463552572 0.25115
0.0010079247127198231 0.26791
0.000972413012507157 0.35225
0.0009988849951944523 0.27607
0.0010523275799379367 0.23853000000000002
0.000972670896644927 0.35313
0.000978040038927435 0.30312
0.0010278826439189884 0.25309
0.0009739466184027115 0.31228
0.0009792531270203255 0.30089
0.0009754826164974367 0.30845
0.0010213517065711115 0.25756
0.0009712249265376423 0.34742
0.001100041228639025 0.21635
0.0010546336657133862 0.23729
0.001033344203966288 0.24956
0.0010497768883042963 0.23990999999999998
0.000977861860608144 0.30346
0.0010049680892355573 0.27045
0.0010081967825744558 0.26768000000000003
0.0009738717498900236 0.3568
0.0009708025654334662 0.32391
0.0010074207115082507 0.26833
0.0010405405935213373 0.24516999999999997
0.0009860473284857127 0.29056
0.0009979303635340013 0.27701
0.001003192173367068 0.27203
0.0009983854540436493 0.27656
0.000983817954414182 0.29364
0.0009822401607380775 0.29598
0.000976327926649141 0.30657
0.000970486576992879 0.32593
0.0009707928809483111 0.32397
0.0011008824080974652 0.21600999999999998
0.0009741436802105717 0.31175
0.0010030050883393948 0.2722
0.0011120356139359534 0.21163
0.0010305727779805313 0.25133
0.0010103881724502336 0.26587
0.0010779843881098968 0.22583000000000003
0.0009703147116128678 0.32726
0.0009855672844753802 0.2912
0.0010340155696987518 0.24914
0.001023859075945372 0.25581
0.001049390075231357 0.24013
0.0010202971549067292 0.25832
0.0009954747845918087 0.27951
0.0010913764822325033 0.21994
0.0009705925372019116 0.3252
0.0010206634695098197 0.25805
0.0010026693779016747 0.27251
0.0009871813005664144 0.28907
0.0011147113122743032 0.21061
0.0009698854807371311 0.33484
0.0009699412446304646 0.33716999999999997
0.0009714294134589934 0.34836999999999996
0.0010654629579851362 0.23176
0.0009704225850596139 0.34269
0.001052015363016095 0.2387
0.0010329851168189262 0.24979
0.0010282150999896568 0.25287
0.0009700127496079123 0.33851
0.0009817290332283294 0.29678000000000004
0.001027406714766944 0.2534
0.0009948288073561406 0.28019
0.0011124727015680031 0.21145999999999998
0.0010844577815268205 0.22293000000000002
0.0009761941503483137 0.30685999999999997
0.0010077259567558027 0.26807
0.001043888415435483 0.24322
0.0010259903512215296 0.25435
0.0010264017936438754 0.25408000000000003
0.0011296675005830683 0.20514000000000002
0.0009699979034793948 0.33079000000000003
0.000993420348630849 0.2817
0.0009773195491866024 0.30451999999999996
0.0010175740654652893 0.2603
0.0010199571625051486 0.25856
0.0010374208306604203 0.24704
0.0009747625407015118 0.31017
0.0009700104347206846 0.33059
0.0011090692001516323 0.21277
0.0010641300028482255 0.23242
0.0009829924839973158 0.37496
0.0009699689103831327 0.33131
0.0010426931696349026 0.24391
0.0009932787213488177 0.28186
0.000990925270551415 0.28451
0.001007271227469906 0.26846
0.0010041816354548932 0.27114
0.0009700701586621271 0.32975
0.0009705694928404762 0.32536
0.0010717869577162266 0.22871
0.0009726760363056165 0.35315
0.0009898905355214354 0.28572
0.0009701622260082094 0.34039
0.0009873928977646707 0.2888
0.0009709396683833544 0.32315
0.0010676192890372949 0.23071
0.0009818767379742297 0.29655
0.0010655245223234017 0.23173000000000002
0.000999334833335639 0.27564
0.001001056837630423 0.274
0.0009816792588681733 0.29685
0.0009829747745325123 0.37493000000000004
0.0010214191026516736 0.25751999999999997
0.000970113356663517 0.32921999999999996
0.0009733282784167541 0.35522
0.0010118760230888875 0.26468
0.001068959303406599 0.23006
0.001080167343159583 0.22484
0.0009749232571405092 0.35957
0.0009978570706945928 0.27709
0.0009735659107377168 0.31334
0.0009709046343368158 0.34576999999999997
0.000969989938486362 0.33093
0.0009706361351761713 0.32492
0.001003253178451233 0.27198
0.0009746015084944592 0.35875
0.0009745844462144479 0.31061
0.0009764211404475013 0.30637
0.001069477780021952 0.22981
0.001003828303483061 0.27146
0.0009734371058742435 0.35554
0.0010160277908435925 0.26145999999999997
0.0010919189303937218 0.21971
0.0009706724989881235 0.34441
0.0009766067034545202 0.36346
0.0010080093424707278 0.26784
0.0010451484616845847 0.2425
0.0009699437392912459 0.33723000000000003
0.0009916980516684456 0.28362
0.0010142906967479507 0.26279
0.0009708296261037495 0.34535
0.0009990524474597412 0.27591
0.0009947947349583926 0.28023000000000003
0.0009904225126649156 0.28509
0.0009717796244501618 0.34986999999999996
0.0010316465473446277 0.25064000000000003
0.0009705677981254345 0.32537
0.0009927839657141184 0.2824
0.0010036589854849872 0.27161
0.0009745304649668477 0.35857
0.001029818516147617 0.25182
0.0010624041694699004 0.23328000000000002
0.0009863076782224251 0.29020999999999997
0.0009708596464242327 0.32359
0.0010019202542390993 0.27319
0.0009707025649505973 0.32450999999999997
0.000976901424031709 0.36409
0.0010169421068409112 0.26077
0.001005029649847946 0.27039
0.0009764482055888365 0.30630999999999997
0.0009711525018275179 0.34707
0.0009703991034665416 0.34251
0.0011264346646281 0.2063
0.0009716792031295135 0.3197
0.0009755267472720725 0.30835
0.0009700712009761491 0.32974000000000003
0.0009725484572555953 0.35272
0.0009781617009125818 0.30289
0.0010187728420929763 0.25942
0.0011061725923449588 0.2139
0.0009715733649429448 0.32015
0.0010233673572728158 0.25615
0.0009818160363627268 0.3731
0.000985782597676818 0.29091
0.0009698944090555988 0.33562
0.0009784398629482962 0.30236999999999997
0.001033082771117203 0.24973
0.001069411151844589 0.22984000000000002
0.0009712334828273163 0.34746
0.0009838899832499011 0.29354
0.0009947618609889026 0.28026
0.0010884941106283227 0.22116999999999998
0.0009740649034394614 0.31196
0.001043325095471565 0.24355
0.0009739617303725356 0.31224
0.001017275391360276 0.26053000000000004
0.0009949238242925563 0.28009
0.0009705070195745765 0.32578
0.0009867615056598532 0.28961
0.001008488729795282 0.26744
0.0010935804651991247 0.21900999999999998
0.0010607760209420409 0.23410999999999998
0.0009700626389113665 0.32985
0.001045910758184427 0.24206999999999998
0.000978624461698411 0.30203
0.0009731899757345512 0.31445
0.0009702983440225775 0.34168000000000004
0.0009759785210062332 0.30733
0.0010794022140619376 0.22518000000000002
0.0010805053431485689 0.22469
0.0010293835561774882 0.2521
0.0009789389974196516 0.30145
0.0010177999551267772 0.26014
0.0009846629851251296 0.29244000000000003
0.0009838489043409154 0.2936
0.000974487375761059 0.31085999999999997
0.0009895220729503956 0.28615999999999997
0.0009705455196179662 0.34357
0.0009742095989810008 0.31158
0.0009712910843230652 0.3214
0.0009704898760704518 0.34319
0.0009699363195802762 0.33705
0.0010111394984785587 0.26527
0.0009783005427291512 0.36691
0.001060931853688082 0.23403000000000002
0.0010379011203923245 0.24675
0.000970792713470151 0.32397
0.0009702270545871001 0.32804
0.0009918387856715253 0.28346
0.0009828460546190286 0.29507
0.0009796165756790164 0.36935999999999997
0.001014918853860276 0.2623
0.0009699897866568843 0.33093
0.000974567541725317 0.35867
0.0011061585217576877 0.21391
0.0009745705401246356 0.35867
0.0009760630710233752 0.36225999999999997
0.0010130943575888366 0.26371999999999995
0.000977472907205303 0.36527
0.0010447775117182233 0.24270999999999998
0.0009721548856285164 0.31787
0.0009713210584426771 0.34788
0.0010156312776368156 0.26176
0.0009699849025913401 0.33100999999999997
0.0009759622873612123 0.36204000000000003
0.0009768558094266557 0.36399000000000004
0.0009714868420740612 0.32051999999999997
0.0009700828899829986 0.32959
0.0009738285736850125 0.35667
0.0009716320806621375 0.3199
0.0009704648363157205 0.343
0.0010203054895067361 0.25831
0.0009728729168495725 0.3538
0.0009701796897514412 0.3285
0.0009738650850416845 0.35678000000000004
0.0010057849444938967 0.26974000000000004
0.0009699582558659645 0.33152
0.0009699451880984222 0.3318
0.001067955053313934 0.23054000000000002
0.0010134598836101121 0.26343
0.0010601318934178876 0.23443000000000003
0.0009801223664291942 0.37025
0.0009700731170082704 0.32971
0.0009699040508794651 0.33298
0.0009841198905242942 0.29320999999999997
0.0010565296911804723 0.2363
0.0009992760529724848 0.27569
0.0009745806227197219 0.3587
0.0009849172736055372 0.29209
0.0009773318365692584 0.36499000000000004
0.000982122419120452 0.29617
0.000970167323193904 0.32863000000000003
0.0009734515533339481 0.35559
0.0009797583881371228 0.36961
0.0011113413517593613 0.21189000000000002
0.0010755944110523155 0.22693000000000002
0.0009903682679978292 0.28515999999999997
0.0010153206770003099 0.262
0.0010113532717751339 0.26509
0.0009714585028691697 0.32064000000000004
0.0010440303012933614 0.24314000000000002
0.0010762060351454223 0.22664
0.0009754618585202722 0.36088000000000003
0.0010257157785091868 0.25454
0.0010394019137953557 0.24585
0.0009787590547114234 0.36778
0.0010717702233133699 0.22871999999999998
0.0010381997790349492 0.24656999999999998
0.0009784335008274434 0.30238000000000004
