0.0009908523240374442 0.30717
0.0010346491361200407 0.24744000000000002
0.0010052594215555297 0.27579000000000004
0.001008193464928503 0.36434
0.0009941997546989798 0.34018000000000004
0.0010029547626187268 0.279
0.0009916406573500303 0.30344
0.0009972096692878877 0.28861
0.0009900995623790417 0.31301999999999996
0.000999686996342663 0.28411
0.0010080811694848893 0.2722
0.0009905012776457956 0.32591
0.0010023700171868971 0.27986
0.0010091452641174678 0.27092
0.0009908727755540666 0.32824000000000003
0.0010174893038514218 0.26199
0.0010006629414712938 0.2825
0.0010134044487250156 0.26614
0.0009976613571738133 0.348
0.0009900857162575567 0.3132
0.000998162070830461 0.28679
0.0009978097735256891 0.34829
0.0010015080176862007 0.28117
0.0010178209286710034 0.26166
0.001022683853064129 0.25716
0.0009925977963021924 0.29995
0.000992937749363746 0.29886999999999997
0.0009982739411052114 0.34918000000000005
0.0009906104396582352 0.32666
0.001003532547540672 0.27817
0.000999242987580252 0.28486
0.000991632536103066 0.30346999999999996
0.0010064099683702579 0.27429000000000003
0.00098999757625563 0.32064000000000004
0.0010202711127368874 0.25934
0.0010234105188190966 0.25651999999999997
0.0010006004586030073 0.2826
0.000991338337508598 0.33058000000000004
0.0009985303637629287 0.28612
0.0009904081816877964 0.31005
0.0009913465284370501 0.33061999999999997
0.0009904055675141253 0.31006999999999996
0.00099283634025522 0.29919
0.0010058197652383816 0.27505
0.001002490633419917 0.27968000000000004
0.0010229492460023376 0.25692
0.0010393749254823505 0.24402
0.0009902632726995696 0.31127
0.000994697706993787 0.34146
0.0009902118937812837 0.31176
0.0009974291471562236 0.34754
0.0009901292125972887 0.32259
0.0010053432364610549 0.27568000000000004
0.001003095059959408 0.2788
0.0009922196210815273 0.30124
0.001011887392190435 0.26779000000000003
0.0009903454232608998 0.31055
0.0009930411589271727 0.33688
0.0010207036410084245 0.25895
0.0010054821945757117 0.2755
0.0009985435216399875 0.34969
0.0009919787722362978 0.30211
0.0009984796188716545 0.28620999999999996
0.0009904083754545 0.31005
0.0009906610246919786 0.32698
0.0010232546143156972 0.25665
0.001020206297215592 0.2594
0.0010245871281870293 0.25549
0.0009927797098866385 0.33605
0.0009899649502279695 0.31532
0.0009948787724762766 0.29364
0.0009906264718035024 0.32676
0.0010514786330492274 0.23601
0.0009900310913743575 0.314
0.0009921004539998734 0.30167
0.0009929332862085684 0.33654
0.0009948711403039245 0.29366
0.0010197670571635454 0.25981
0.0010296973165937868 0.25126
0.0010117765956440623 0.26791
0.0010427412375912668 0.24169000000000002
0.0009915155828060004 0.30396
0.0009941111634442109 0.29555
0.0010074539446158933 0.27297
0.0010192795712517585 0.26027
0.000991108311837963 0.30582
0.0009906903682371545 0.30811
0.0010161136677591467 0.26335
0.0010118027932750169 0.26788
0.0010139510325498284 0.26557
0.001019809728504274 0.25977
0.0010082212669105003 0.27203
0.001003872124433981 0.27769
0.00099929191907602 0.28478000000000003
0.0010022541527096545 0.28003
0.000992975154535362 0.29875999999999997
0.0010105846408847757 0.26925
0.0009923629022431297 0.30074
0.0009906397284270545 0.32685
0.0009946451790762117 0.2942
0.0009946497657576628 0.34134000000000003
0.000992487081175098 0.30032
0.0009927859676195942 0.29935
0.0010080031504395711 0.27229000000000003
0.0009899657836111091 0.3153
0.0009917826587198184 0.30287
0.0010015319801064406 0.28113
0.0010234289551620014 0.2565
0.0009912194726284759 0.30529
0.0009901209687556214 0.31276
0.0010066387621318117 0.274
0.0010143406064694609 0.26516
0.0010032806154263109 0.27853
0.0009912717901973892 0.30504000000000003
0.000997369147296455 0.28829
0.0010095443342824039 0.27045
0.000996250999206139 0.29056
0.000990255959310708 0.31134
0.0010192926020625753 0.26026
0.0009911054085047495 0.32947
0.0009982326598542667 0.28665999999999997
0.000993433889008304 0.2974
0.0009976126308099114 0.28781999999999996
0.0009943681979575573 0.29489
0.0010213860832395789 0.25832
0.0010043879511482524 0.27697
0.0009899954668069588 0.31464000000000003
0.0009921078935234066 0.30164
0.0009900100811016351 0.31436
0.0009921725152779982 0.30141
0.0010043324060595253 0.27705
0.0010305772525565555 0.25056999999999996
0.0010172000256270261 0.26227
0.000990494912968525 0.32586
0.0010318483159262397 0.24957
0.0009936741668007002 0.29673
0.0009934721040874782 0.29729
0.0009920544060880202 0.30183000000000004
0.0010219484566286515 0.25781
0.0009922172800443823 0.33413000000000004
0.0009904860937887993 0.3258
0.0010423828729665887 0.24193
0.0010003648912046495 0.28298
0.0010034141007494758 0.27834000000000003
0.001001863765342495 0.28062
0.000990961298990489 0.32871999999999996
0.0009906456187485297 0.30839
0.0010295936866207347 0.25135
0.0010092039458047095 0.27085
0.0009918944073314367 0.33292
0.001009261561029825 0.27078
0.0009969208331869416 0.28918
0.001002550042663868 0.27959
0.001004095739407753 0.27738
0.0009916224220400806 0.30351
0.0009947226593010425 0.29401
0.0009975847099594937 0.28788
0.000993290952527857 0.33764
0.0010352288996981324 0.24700999999999998
0.0009899208381200111 0.31731
0.0010106543834834522 0.26916999999999996
0.0009907539011719234 0.32755
0.0009899613225053871 0.31540999999999997
0.0009959966394185583 0.2911
0.0009970074923640988 0.28901
0.0010082116890596045 0.27204
0.0010428953490074012 0.24158000000000002
0.0009901882745516862 0.32325
0.0010132745473406108 0.26628
0.0009903892145359124 0.3102
0.0010000075978862653 0.28357
0.0009995019908750954 0.28442
0.0009902378303861309 0.31151
0.0009927435748185015 0.33593
0.0009923638671640509 0.30074
0.0009902462027845537 0.31143000000000004
0.0009928706557794844 0.33634000000000003
0.000990222988601892 0.3236
0.0010096182732344122 0.27036
0.0010148934756017219 0.26459
0.0009985729371024207 0.28605
0.000990806837117461 0.30741999999999997
0.0009971638654475555 0.2887
0.0009913545209409452 0.33066
0.0009914672737857675 0.30417
0.0009935454101303596 0.29708
0.0010122311432656933 0.26741
0.0009912291976675407 0.30524
0.0009915097653333531 0.30399
0.0009933403056525192 0.29767
0.0009968409413119077 0.28934
0.0009980913998284342 0.28692
0.0009905476653946366 0.32623
0.0010291883236957856 0.25167
0.0009915909288023797 0.30364
0.0009946099806092468 0.29429
0.0009900296090590748 0.32121
0.0009899204069890957 0.31744
0.000992835821929288 0.29919
0.0009899204457424363 0.31782
0.0009989953991937058 0.2853
0.000990089118726346 0.31316
0.0009947089365195168 0.29405
0.0009910636156351816 0.30605
0.0009909850875796384 0.32885
0.0009900432375656465 0.31381
0.0010013289381261088 0.28144
0.0010270285895839111 0.25343000000000004
0.0009940749242264707 0.29565
0.0009899974544061837 0.32064000000000004
0.00098992435852565 0.31832
0.0010435261512941624 0.24115
0.0010062056326245513 0.27455
0.0010031356211062088 0.27874
0.000998544380548164 0.2861
0.000992252924920022 0.33426
0.0010013805663327115 0.28136
0.0009899220892194483 0.3181
0.0010191823344620405 0.26036
0.0009929555283903716 0.29882
0.0009914507022610707 0.30424
0.001002138111420295 0.28021
0.0010048998812886404 0.27628
0.0009931931638756618 0.2981
0.000991163063228462 0.30556
0.0009920353085162395 0.3019
0.001005643900156114 0.27528
0.0009904637498794767 0.30963
0.001014903980738083 0.26458000000000004
0.0009950583370120696 0.29320999999999997
0.0009928664404221105 0.29909
0.0009902564172708593 0.32392
0.0009992820809442732 0.2848
0.000995348979055956 0.29254
0.0010017409759413688 0.28081
0.0009899691381971651 0.32001999999999997
0.000990695099684691 0.30809000000000003
0.0010101217687474553 0.26978
0.001022195643694544 0.25759
0.0010157302861762074 0.26373
0.0010036907869328498 0.27795
0.0009912022361486202 0.30537
0.0009991385473270137 0.35078000000000004
0.000992942866481548 0.29886
0.001013091706098071 0.26648
0.0009960520578136717 0.34464
0.0009912245431677436 0.30526
0.0010182908406880307 0.26121
0.0009909905260893288 0.30641999999999997
0.0010108404561584025 0.26896
0.0009899831037460127 0.31489
0.0009957717247173594 0.29159
0.0009901774446697824 0.32313000000000003
0.001003530554165709 0.27817
0.0010062971082084918 0.27443
0.0009928020137384213 0.29929
0.0009899231601531138 0.31822
0.0009914136223939398 0.33092
0.0009900010552995303 0.31453000000000003
0.0010249246949371024 0.2552
0.0010115105647662448 0.2682
0.0009899767301256633 0.3202
0.0010129033684021444 0.26668000000000003
0.0009901859432028765 0.31203000000000003
0.0009903803392756312 0.31027
0.0009899419614854152 0.31601
0.000991695440600247 0.30322
0.000990112688396383 0.31285999999999997
0.0010151874957072453 0.26429
0.0010061037200952243 0.27468000000000004
0.000990723049972742 0.32737
0.0009917938468838098 0.30282
0.0009910799382441902 0.32934
0.0009903240098043827 0.31073
0.0009915376062550056 0.30387
0.0009945668334222096 0.2944
0.0009901371652299583 0.31256
0.001003927117473917 0.27760999999999997
0.001011196361809086 0.26855999999999997
0.0010283678914382358 0.25233
0.0009905260251938134 0.32608000000000004
0.0009910108451365988 0.32899
0.0009994149834768142 0.28457
0.0009914535006994248 0.3311
0.0009959144661269037 0.34434000000000003
0.0010054269923049984 0.27557
0.0009901818019985296 0.31206999999999996
0.0009918420254841458 0.33271999999999996
0.0010365560091552613 0.24604
0.0009899497278039466 0.31575
0.0009911654420873771 0.30554000000000003
0.00099315267427349 0.29822
0.0010060804593340284 0.27471
0.0010279414386844272 0.25268
0.0009902578675401099 0.31132
0.0009905276897243232 0.30917
0.0009958458082491388 0.29143
0.0009899334353778285 0.31636
0.0010030232608252752 0.2789
0.0010010193827751242 0.28193
0.000994271565198275 0.29514
0.0010196665397544842 0.25991
0.0010038952378206938 0.27766
0.000991255180105666 0.30512
0.0009925785893640127 0.30001
0.0009911200153468601 0.30577
0.001000726665378054 0.2824
0.0009974077096651828 0.28822
0.001005634760702385 0.2753
0.0010105001530125836 0.26934
0.000990312652653468 0.31083
0.0009899433566056808 0.31927
0.0009933025446208995 0.29778000000000004
0.0010059114914148378 0.27493
0.0009906161015585772 0.32669000000000004
0.0010092488232911474 0.2708
0.0010015739535144084 0.28106
0.0009906423548974588 0.32686
0.0009928619446619587 0.29911
0.0010300039756914949 0.25101999999999997
0.0010459987414982914 0.23951
0.0009938296828391217 0.2963
0.0010052778923665497 0.27576999999999996
0.0010205448773282623 0.25909
0.0009990701383649373 0.28515999999999997
0.0009975095150638804 0.3477
0.0009924391719850056 0.33491
0.0010159573643571777 0.2635
0.0010230422299855402 0.25684
0.0009940085410580176 0.33966999999999997
0.0009927043495440706 0.29961
0.0010123493880923639 0.26728
0.0010100701787352513 0.26984
0.0009899215163034737 0.31721
0.000993280247849054 0.29784
0.00100745166264033 0.27297
0.000992192895995248 0.30133000000000004
0.00099149952439044 0.30403
0.0010151287616657313 0.26435
0.0009903087163946728 0.31085999999999997
0.0010120780504289518 0.26758000000000004
0.0010164334264175887 0.26303000000000004
0.0009984798975976052 0.28620999999999996
0.000995174631316029 0.29294000000000003
0.0010067658835229627 0.27383
0.0009956450970586743 0.29186999999999996
0.00101560902846361 0.26386
0.0009900114622483406 0.3209
0.0009910539994035733 0.32921
0.0009993841272471515 0.28462
0.000990753494634474 0.30773
0.000992459134240701 0.30041
0.000990865210082176 0.30709000000000003
0.0009972639595508949 0.2885
0.0010145997109328815 0.26489
0.0009916932674321405 0.30322
0.0009920897480168714 0.3017
0.0009901877087156487 0.31201
0.0010375298494930743 0.24533000000000002
0.0009959712772201993 0.34446
0.000997504765916501 0.28803
0.0009905370106480227 0.30911
0.0009977250199695363 0.28761
0.0010002819065149232 0.28312
0.000990650045386136 0.32691
0.0009899366560040194 0.31622
0.0009913850973267725 0.30453
0.0010074739459975575 0.27294
0.000994368683678515 0.29489
0.0009905859054399056 0.30878
0.0009903977954198553 0.31013
0.0009930005711374498 0.29868
0.0009936618743528129 0.29675999999999997
0.0009900621529222004 0.32171
0.0009908969695627801 0.30691999999999997
0.0009901249514066368 0.31271
0.0010004326823490441 0.28286999999999995
0.0009927176721228278 0.29956
0.0009932315021084815 0.29799000000000003
0.0010092158367456298 0.27083
0.000990783155286313 0.30756
0.0009901857466414607 0.31203000000000003
0.0010259422538874143 0.25434
0.001055810191942652 0.23337
0.0010142067734841143 0.2653
0.001004190398913999 0.27725
0.0010486276928617718 0.23781
0.000992523088431736 0.3002
0.0009926423667429307 0.29980999999999997
0.0009911255792459657 0.30574
0.0009956477302363877 0.29186
0.000994778485724118 0.29388000000000003
0.0010435370426597318 0.24115
0.001002829213346273 0.27918000000000004
0.0010118338723363888 0.26785
0.0009937107588974179 0.29663
0.000995606003694653 0.29196
0.0009998500495332259 0.28383
0.0010031905515445947 0.27865999999999996
0.00099026246633198 0.31127
0.0009899441668858675 0.31593000000000004
0.0010117935558200512 0.26789
0.0009918121082777389 0.30275
0.0009932817920206302 0.29784
0.000993037230120943 0.29857
0.0010341988454038364 0.24778000000000003
0.0009934088306883036 0.29746999999999996
0.0009977346490568201 0.28759
0.0010184750181755683 0.26103000000000004
0.0010160279034487946 0.26343
0.0009902110361773065 0.32348000000000005
0.000994689474703596 0.2941
0.001009106816331935 0.27096
0.0009902450608652012 0.32381
0.000990877936642005 0.30701999999999996
0.0009909409909357532 0.30668
0.0009911675261973256 0.30553
0.0010053484577284603 0.27566999999999997
0.0010025536921852045 0.27959
0.0010160380993036867 0.26342
0.001003859290370894 0.27771
0.0010084821471339708 0.27171
0.0010064866064551847 0.27419
0.0009901703559757713 0.32305
0.0009928598603656962 0.29911
0.0009907423474595932 0.32748
0.0010006720874460176 0.28248
0.0009900563456968308 0.32163
0.0009928413984977545 0.29917
0.0009903814087187835 0.31026
0.0009904329728333224 0.30985999999999997
0.0009906205760789172 0.30855
0.0010151528958676065 0.26432
0.0009907041791452677 0.32725
0.0010134839933104963 0.26605999999999996
0.0010202335931683907 0.25938
0.0009973096914739697 0.28841
0.0010104889305667909 0.26936
0.0009899263684825716 0.31676
0.0009911784427153033 0.32983
0.0009914838967331667 0.3041
0.000994105871563747 0.29557
0.0010009322699230411 0.28207
0.0009899351915748941 0.31628
0.000989929750829434 0.31868
0.0009912268353905842 0.30525
0.0009940900862847129 0.29561
0.0009902387185456271 0.32375
0.000993667179275266 0.33873000000000003
0.0009952072437427572 0.29286
0.0009913940368654313 0.30449
0.0009911947370045628 0.3054
0.0009943620592793362 0.29491
0.0009900353516334383 0.31393000000000004
0.0009901262177838333 0.31269
0.0009921862762539222 0.30136
0.0010029852743535482 0.27895
0.001006786365036161 0.27381
0.0009927498342282843 0.29946
0.0009948335531033954 0.29375
0.0009953856997094287 0.34313
0.0010225795795620442 0.25725
0.000993893722175718 0.29613
0.0009900989400898205 0.32221
0.0009959801267691293 0.29114
0.000991308316338902 0.30487
0.000994119911824564 0.29553
0.0009994702220787843 0.28447
0.000989977410917524 0.31501999999999997
0.001000025359026734 0.28354
0.0009912428852356945 0.30518
0.001001240151614123 0.28158
0.0009922339493840019 0.30119
0.0009973110946057435 0.28841
0.0009935699968892766 0.29702
0.0010040080804689308 0.2775
0.0009972015636913107 0.28862
0.000996456991470847 0.29013
0.0009930734395284212 0.29846
0.0009960264860119073 0.34459
0.001004269582050052 0.27714
0.0009946244821838696 0.29425
0.000990015208466715 0.31427
0.0010020356936070254 0.28036
0.000990603780045684 0.30866
0.0010011821695364701 0.28167
0.0010047779850774917 0.27644
0.0009903486872982845 0.32474000000000003
0.0009899641667770191 0.31534
0.0010032410152878344 0.27859
0.0009944115536301152 0.29478000000000004
0.0009899205539909506 0.31786
0.0010121136239462766 0.26754
0.0009900039424234138 0.32076
0.0009945823936337646 0.29436
0.0010042414281206476 0.27718000000000004
0.0009983044168814042 0.28653
0.000990147979088846 0.3228
0.0009925293495183461 0.30018
0.000990009888080188 0.32087
0.0010440656689689749 0.24079
0.0009903629341814805 0.32485
0.0010112781686208313 0.26846
0.0009963323476851044 0.29039
0.0009906944056645266 0.30809000000000003
0.001008955819901875 0.27114
0.0009992407439854013 0.28486999999999996
0.001001859891126308 0.28063
0.000990838964754802 0.32805
0.0010063199797594533 0.2744
0.000994720770634625 0.29402
0.001009572689058449 0.27042
0.0009907258210229179 0.32738
0.0009911796230153683 0.30548000000000003
0.0010110009622483838 0.26878
0.0009946732599704737 0.29413
0.0009916878142036331 0.3321
0.001028962905201157 0.25185
0.001021094772514251 0.25859
0.001000537542181721 0.2827
0.0009943119860505297 0.29504
0.0010035887246069555 0.27809
0.0009985005330062817 0.28618000000000005
0.001010244740177495 0.26964
0.0009906590534883978 0.32697
0.0009906798481956623 0.30818
0.0010321147250217577 0.24936999999999998
0.0009945362575953245 0.29447
0.0009972151935020816 0.28859
0.0010114690822960312 0.26825
0.0009926974031940609 0.29963
0.0009904581401470936 0.30967
0.0010037557341782406 0.27785
0.0010048516112080624 0.27634000000000003
0.0009907125200566006 0.30798000000000003
0.000990815249200795 0.30738000000000004
0.000996338651623966 0.29036999999999996
0.0009909118443246214 0.30684
0.000991932873562069 0.30229
0.0009908848475923288 0.30699
0.000994239552703071 0.29522
0.0009951126978881353 0.29308
0.000995845314330359 0.29143
0.0010344080713367248 0.24761999999999998
0.0010512786792257341 0.23613
0.0009906861344346808 0.30814
0.0010114395291474499 0.26828
0.0010041032782367218 0.27737
0.0009981874307930505 0.28675
0.0009942287902668853 0.29525
0.0010249982368536826 0.25514000000000003
0.000998914691076433 0.28544
0.0009903944840586793 0.32511
0.0009934772990845902 0.29728000000000004
0.0009992658498155066 0.28481999999999996
0.0009925483708876444 0.30011
0.0009903379582123296 0.31061
0.0009902619690595456 0.32397
0.0010047137996706116 0.27653
0.0010000233075217594 0.28354
0.0009959448511681114 0.29120999999999997
0.0009907329989614013 0.30785999999999997
0.0009957670282968807 0.2916
0.0009899218065809008 0.31806999999999996
0.0009903926097384504 0.32509
0.0010222011677224238 0.25759
0.0009932877712139493 0.29782
0.0009931452684728158 0.3372
0.0009927522291102151 0.29945
0.0009933029580519721 0.29778000000000004
0.0009963280099193417 0.2904
0.00100478887774726 0.27643
0.0009902773492916435 0.32411999999999996
0.0009901068567638612 0.31293000000000004
0.0009935423918413229 0.33837
0.0009946325693353467 0.29423
0.0009930336741293037 0.29858
0.000989925404120593 0.31683
0.0009962401872103922 0.34506
0.0009942088896811693 0.2953
0.0010309901837481073 0.25024
0.0009963929130082818 0.29026
0.0009979867658084923 0.28712
0.0010243367268296265 0.25571
0.000990579927178157 0.32645
0.0009946670931588178 0.29415
0.0009899309847879708 0.31648000000000004
0.0010230940806512233 0.25679
0.0010064956011428285 0.27418000000000003
0.001003688448690417 0.27795
0.001001998702052796 0.28042
0.001001682937596846 0.2809
0.00098993136747721 0.31877
0.0009940147022802495 0.29581
0.0010022311878153099 0.28007
0.001019507204276232 0.26006
0.0009933003664223112 0.29779
0.0009901030276356956 0.31298000000000004
0.000994770241882451 0.34164
0.0010115350592996633 0.26818000000000003
0.0009905726355880495 0.30887
0.0009901146970491056 0.31283
0.0009944712660071686 0.29463
0.0009921448163277193 0.30151
0.0009900901661844303 0.3221
0.0009900130813182003 0.32093
0.001001234169626092 0.28159
0.0010188666542200809 0.26066
0.0010192990828135542 0.26025
0.0009903690046687273 0.31035999999999997
0.0009986936464925096 0.28583000000000003
0.0010019595589428997 0.28048
0.000989953493212677 0.3196
0.0009924305862568947 0.30051
0.0009901322295821264 0.32261999999999996
0.0009994807231162343 0.28446
0.0009948794279294143 0.29364
0.0009903211990692955 0.3245
0.0010059457335313317 0.27489
0.000993313661053948 0.29775
0.0009909757053585876 0.3288
0.0010015451698432174 0.28110999999999997
0.000989921727211078 0.31806
0.000994826671963334 0.29375999999999997
0.0010155523295314257 0.26391
0.000993484468266309 0.29725999999999997
0.0010154909265398832 0.26398
0.0010079486179681845 0.27236
0.0009931587676773757 0.2982
0.0009900769138461033 0.31332
0.0009905399872026926 0.30909000000000003
0.000991923025183045 0.33303
0.0009903665622766913 0.31038000000000004
0.0010239593918857242 0.25604
0.0009939482442135128 0.29598
0.0009901148066018186 0.31283
0.0010151360286623726 0.26434
0.0009901388571486461 0.3227
0.0009908126415481184 0.30739
0.0010174021304472434 0.26206999999999997
0.0009915446813480845 0.30384
0.000990082124679917 0.31325
0.0009940545803994204 0.2957
0.0009941665810940675 0.29541
0.001015600679913397 0.26386
0.000993120944789462 0.33712
0.0010301099567626552 0.25094
0.000993196718563102 0.33735
0.0010126087055128442 0.267
0.0009954122967978955 0.29239
0.0010279407716798131 0.25268
0.0010023155191836257 0.27994
0.0010077659965763278 0.27258000000000004
0.000989932360531566 0.31640999999999997
0.0009900200850529648 0.32105
0.0009959595338400763 0.29118
0.0009900410776258438 0.31384
0.0009963681037902844 0.34533
0.0009927470266605377 0.29946999999999996
0.0009909240493911782 0.32852
0.0009902667431730195 0.32402
0.0009976567684429067 0.28774
0.0010069341210907315 0.27362
0.000992235380090268 0.30118
0.0009911822828360033 0.30546
0.0010292378595946176 0.25163
0.000991126731039967 0.32958000000000004
0.0009927785467274746 0.33605
0.0010143391282530893 0.26516
0.0010027315696464773 0.27933
0.0010459902861900774 0.23951999999999998
0.0009901982235403452 0.32335
0.0010110216613764956 0.26875
0.0009904312952608233 0.30987
0.0009925863594088269 0.29999000000000003
0.0009970426759259327 0.28894000000000003
0.0009933953542140687 0.29751
0.0009909001685765308 0.3069
0.0009913352737589115 0.30475
0.0009901926169753022 0.31196
0.0009900000687661692 0.31455
0.0009933771697678785 0.29756
0.0009985560367332701 0.28608
0.0009949937963041281 0.29336
0.0009899806514793274 0.31495
0.0010042024217653289 0.27723000000000003
0.0009911939362263974 0.30541
0.0010167291548374444 0.26273
0.0009944110971604769 0.29479
0.000999101264191158 0.28511
0.0009904998027830787 0.3259
0.0009941704135758877 0.2954
0.0009919782496251401 0.30212
0.0009903662822465418 0.31038000000000004
0.0010098952673950564 0.27004
0.0010078579560180848 0.27247
0.0009918924284889761 0.33292
0.0010151948554883278 0.26428
0.0009925730698076723 0.30003
0.000992344837037988 0.3008
0.0010033857871488553 0.35772
0.0009927542426071052 0.29945
0.0009899204189132004 0.31743000000000005
0.0009966360855634415 0.28976
0.0010196598179130108 0.25991
0.0009915139015072183 0.30396999999999996
0.0009899200541101181 0.31759
0.0010134271892971382 0.26611999999999997
0.0009902335790701283 0.31155
0.0010407044439812848 0.24308000000000002
0.0009899201621723181 0.31767
0.000990036168620934 0.32132
0.0009903311247686872 0.31067
0.0009909251860937345 0.32853000000000004
0.0010146297641486092 0.26486
0.0010318444847486187 0.24958000000000002
0.00100751300023561 0.2729
0.0009967047263003057 0.28962
0.0010013435855847018 0.28142
0.0009904157177220534 0.30999
0.0009916913366587279 0.33211
0.0009968851959501817 0.28925
0.0009956248931535417 0.29191999999999996
0.0009903752773068135 0.31031
0.001025739291835848 0.25451
0.0009899228000078849 0.31705
0.0010067382495963176 0.27387
0.0010086363463040645 0.27152
0.0010070845466542727 0.27343
0.0010211719751310163 0.25851999999999997
0.0009913277876568436 0.30479
0.0010041633980827952 0.27728
0.0009899858951044292 0.3204
0.0009900398608082082 0.32138
0.0009950198992875004 0.2933
0.0009909824316716 0.30646
0.000990107514639083 0.32232
0.0009982149853498725 0.2867
0.0010049628085161463 0.27619
0.0009992707996232127 0.28481999999999996
0.0010029473734000107 0.27901
0.0009940647522197884 0.29568
0.00100305810585432 0.27885
0.0009920217174588092 0.30196
0.0010220628251896792 0.25771
0.0009997321993199 0.28403
0.0009912168744778205 0.33002
0.0009911936841433685 0.30541
0.0009901160673895912 0.31282
0.0009939904303922261 0.29586999999999997
0.0010016144052948101 0.281
0.000989922883476619 0.31705
0.0010029645161638548 0.27899
0.0010061314883543628 0.27465
0.0009901214101338146 0.32249
0.0010085321555254568 0.27165
0.0010098632062718626 0.27008000000000004
0.0009905333521836074 0.32614
0.0009998017004554534 0.28391
0.0009905480941034685 0.32624000000000003
0.0009903159560031359 0.3108
0.0009900149977454247 0.31427
0.0009899299896841591 0.3187
0.0010225398482584143 0.25729
0.0009945347110016643 0.29448
0.0009905452347403914 0.32621999999999995
0.000990228629076108 0.3116
0.0009925615088290907 0.30007
0.000996575866970875 0.28988
0.001001901690889499 0.28056
0.001005367408112072 0.27565
0.0010028187860892216 0.2792
0.0009917441788882537 0.33233
0.000993334620090282 0.33776
0.00099315287959167 0.29822
0.000991184585865064 0.30545
0.0009921834563894425 0.30136999999999997
0.0010004570908053304 0.28283
0.0010007754848990252 0.28231999999999996
0.0009940850913889854 0.29562
0.000990909027627482 0.30685
0.0009991887215380828 0.28496
0.001009727690683535 0.27023
0.0009901149495047626 0.31283
0.0009994699224856502 0.28447
0.0009899320682046834 0.3188
0.0009923523525776896 0.33461
0.0009927426128786068 0.29948
0.0010191262250277891 0.26042
0.000994019068552075 0.2958
0.000990084259653625 0.31322
0.0010103157109589696 0.26955
0.0010017332014250152 0.28081999999999996
0.0009931319982483316 0.29828000000000005
0.0009903113818047322 0.31084
0.0010222507302641774 0.25754
0.0010029865070078857 0.27895
0.0009970293306168507 0.28896
0.0009920050719674 0.33335
0.0009920367090396154 0.3019
0.000990161254157498 0.31229
0.000994322491186891 0.29501
0.0010022586991472518 0.28003
0.000997117938639892 0.28879
0.0009911357710019465 0.30569
0.0009903619414997529 0.32485
0.0009902247682745389 0.31163
0.0010196898288354292 0.25989
0.0010029910092890324 0.27895
0.0009905021413981398 0.32592
0.0009914450528437763 0.30426
0.0010490812845055603 0.23751999999999998
0.0009903890157387269 0.3102
0.0009926195849953837 0.29988000000000004
0.0009899201006886525 0.31763
0.0010016813311963474 0.2809
0.0009972718357947677 0.28848
0.0009902590495170019 0.31131
0.0009908811537282275 0.30701
0.000999011928052465 0.28526999999999997
0.000990714587770905 0.32732
0.001007592282118156 0.2728
0.0009935035451572205 0.2972
0.0009902468491082984 0.31142
0.0010150172302963976 0.26446
0.0010081638998558169 0.2721
0.0009979505718650879 0.28719
0.0010325570377665697 0.24903000000000003
0.000992194462710835 0.30133000000000004
0.0009899534790528026 0.31563
0.0009903469122834912 0.32472
0.0010118326301800302 0.26785
0.000998630985321593 0.28594
0.000990682755814101 0.30816
0.0009961087204145992 0.29086
0.0009899287836727434 0.31661
0.000992743926206966 0.29948
0.000991605297721336 0.30358
0.0009899588560788274 0.31548000000000004
0.0010238772854808448 0.25611
0.0009905699446529535 0.30889
0.0009934139351367444 0.29746
0.0010322196284519433 0.24929
0.0009947344092021602 0.29399000000000003
0.0009947471011075596 0.29395
0.000997193869662665 0.28864
0.0010152636873834975 0.26421
0.0009912482428850488 0.30515
0.0010093188660419002 0.27071
0.0009900287665465426 0.31404
0.0009917954027931768 0.30282
0.0009899966914497884 0.32061999999999996
0.0009996787498925974 0.28412
0.0010015436845469087 0.28110999999999997
0.0009985962841270626 0.286
0.0010123702547168857 0.26726
0.0009899727569766688 0.32011
0.0010266322267497158 0.25376
0.000999937560165994 0.35219
0.0009917059813226083 0.33216999999999997
0.0009910937126347318 0.3059
0.0009901980389030343 0.3119
0.0009905161399245898 0.32600999999999997
0.0009899308076032252 0.31874
0.0010038292967756903 0.27775
0.0009993600545289416 0.28465999999999997
0.0010104589803827814 0.26939
0.0009907352824274774 0.30784
0.0010457657782126414 0.23965999999999998
0.0009915036113773727 0.30401
0.0009900923542576678 0.32213
0.0009961547955283164 0.29076
0.0010129016790918542 0.26668000000000003
0.0009986163436387383 0.28597
0.0009917009512135089 0.30319
0.0010062662830932901 0.27447
0.0009913392905054141 0.33059
0.0009900965319795858 0.32218
0.000990059318711532 0.32166999999999996
0.000992639325723569 0.33559
0.0009975187556861866 0.288
0.0009939334385742169 0.29602
0.000991258277019269 0.33021
0.0010387451421476103 0.24445999999999998
0.0009899257963118535 0.3168
0.0009996619484562543 0.28415
0.0010234702375308308 0.25645999999999997
0.0010399000161081954 0.24365
0.0009911799645291833 0.32984
0.0010132218837863429 0.26634
0.0010130042370133556 0.26657
0.0010050600631920216 0.27605999999999997
0.001010454856319335 0.26939
0.0009899486643228463 0.31578
0.0010487465242053492 0.23773000000000002
0.0009939926551693489 0.29586999999999997
0.0009957464925662684 0.29165
0.0010006001539793912 0.35331999999999997
0.000989924824310995 0.31687
0.0010161694982811335 0.26329
0.0010020863816724871 0.28028000000000003
0.0009954093711069853 0.34318000000000004
0.0009899242312730937 0.31831
0.0009925644101128487 0.30006
0.0009926132698776736 0.3355
0.0009910075239007734 0.32897
0.0009948449098816817 0.29372
0.0009899436664460926 0.31928
0.0009904867578123876 0.30946
0.0010041677854081186 0.27728
0.00100066090393988 0.2825
0.0009957988302571087 0.29153
0.0010023068945158604 0.27995
0.0010097214795291142 0.27024000000000004
0.001019773553751226 0.25981
0.000996298890882702 0.29046
0.0010010468829282182 0.28189000000000003
0.001007069625686525 0.27345
0.0010038707773827626 0.27769
0.0009901822491524609 0.32318
0.0009899220156253637 0.31714000000000003
0.0010092545369868196 0.27079000000000003
0.0009916166077347738 0.30354000000000003
0.000990413665285508 0.31001
0.000996255001979081 0.29055
0.0009959630549909717 0.29117
0.0010059351447399226 0.2749
0.001000267183040162 0.28314
0.001058648371474791 0.23169
0.001019741306500208 0.25984
0.0010077840509752495 0.27255999999999997
0.0009900736555844567 0.31337
0.0009908566170878138 0.30714
0.0010007853692366783 0.2823
0.0010258231849933112 0.25444
0.0010298477619066265 0.25114000000000003
0.0009921996856550677 0.30130999999999997
0.0010096644344252611 0.27031
0.001010630481615307 0.26919
0.000993733980718959 0.33891
0.0009944692866057658 0.34088
0.0009992651213272267 0.28483
0.0010088524408939671 0.27126999999999996
0.0010038257860583864 0.27776
0.0009948451887939462 0.29372
0.0009913178828246355 0.30483000000000005
0.0009983268539477958 0.28649
0.0009900597384772851 0.32168
0.0010110722080295266 0.2687
0.0009901509522898615 0.32284
0.0009912187556916725 0.30529
0.0010195961234438842 0.25997
0.0009954986343968502 0.2922
0.0010105636587454882 0.26927
0.0009916521996971982 0.33195
0.0009992827514888562 0.35104
0.0010056361397996348 0.27529000000000003
0.0009968416386857265 0.28934
0.0009908171442018934 0.32792
0.0010009011703671136 0.28212
0.0010098192305458531 0.27013000000000004
0.0009899631824794278 0.31987
0.0010199890394665253 0.25961
0.0009982842690568273 0.28657
0.0010045703124455722 0.27671999999999997
0.0009983019372265408 0.28654
0.0010020488401189219 0.28034000000000003
0.0009913521163706792 0.33065
0.0009926676268411424 0.29972
0.0009899439116354985 0.31594
0.0010012412788146586 0.28158
0.0009901228328285728 0.31273
0.00100498152936074 0.27616999999999997
0.000994555086502118 0.29443
0.0009956846772615385 0.34381999999999996
0.0010181290045014172 0.26137
0.0009933838845294148 0.29754
0.0009929250975158862 0.33651
0.001001374903873427 0.28137
0.001004688814013125 0.27656
0.0009908016329909562 0.32783
0.0009899212239765911 0.31725
0.0009943984667387428 0.29481999999999997
0.0009980695595262266 0.28696
0.0009899885295863416 0.32045999999999997
0.0010189238550825533 0.26061
0.000990349776863364 0.31051
0.0010105766163348488 0.26926
0.0010029392076239673 0.27902
0.000998176364851134 0.28676999999999997
0.00100575090129718 0.27514
0.001009681658981012 0.27029000000000003
0.00099428466121904 0.34041
0.0010000288749608334 0.28353
0.0009961651156547382 0.29074
0.0010227215326764705 0.25711999999999996
0.0009940114827719437 0.29581999999999997
0.0009989202419335482 0.28543
0.0009900392556598876 0.31387
0.0009905979282912353 0.3087
