0.001006273506509348 0.28583000000000003
0.0009827901768105268 0.31454
0.0009755694221921436 0.33202
0.000973424410556459 0.34598
0.0009940451507309414 0.29851
0.0009849565533371436 0.31088000000000005
0.000999122504225041 0.29286
0.0009965466555542741 0.29564
0.0009893851409262292 0.30439
0.0010023973450123426 0.28952
0.0009951461688430159 0.29722
0.0010114006814999803 0.2813
0.0010341111402870752 0.26446
0.0009853287467340704 0.31029
0.001007269933214438 0.28492
0.0009937488189100889 0.29886
0.0009840509047920438 0.31235999999999997
0.0009976974426049575 0.29438000000000003
0.0009920205394324242 0.30096999999999996
0.0009769523720128833 0.32748
0.0010010454286533933 0.29086999999999996
0.0009888051188882687 0.30518
0.0010001395076419445 0.2918
0.000994996383693158 0.2974
0.0010214512553028056 0.2733
0.0010191929210038781 0.27501
0.0010014356917301902 0.29048
0.0009963500718423357 0.29586
0.000982815323215622 0.31449
0.0009857370548245635 0.30965
0.000997839818415725 0.29422
0.0009931191892123467 0.29962
0.0010026740966347979 0.28925
0.0010108797247020051 0.28174
0.0010219216709211963 0.27295
0.001002999303437505 0.28893
0.0010424709169502618 0.25919000000000003
0.0010236628325926687 0.27166
0.0009854198493491144 0.31015
0.0010096365406313792 0.28281999999999996
0.0009816856631221643 0.31656999999999996
0.0010006271461314889 0.2913
0.0009938363993852728 0.29875999999999997
0.0009839829547963032 0.31248000000000004
0.0009885905895862883 0.30548000000000003
0.0010000939503576188 0.29185
0.001027413074032059 0.26899
0.000985907618759119 0.30939
0.000991825725992796 0.30121
0.0010005882187351654 0.29134
0.0009923552480247079 0.30055
0.0009932785607757305 0.29941999999999996
0.0009902222296518798 0.30327
0.0010020784214430276 0.28984
0.0010124645724669296 0.2804
0.0010058912521596613 0.28619
0.0009971953567580166 0.29491999999999996
0.0010052880759844787 0.28675
0.0009920471688437762 0.30093000000000003
0.0010144677740959228 0.27874
0.0010069234045917326 0.28524
0.000998227852049902 0.29381
0.0010332776179106577 0.26500999999999997
0.0010218760810016255 0.27298
0.0010064381076810287 0.28568000000000005
0.00099542385815955 0.29691
0.0010058703358136105 0.2862
0.0009847837559754326 0.31116
0.000981920678630075 0.31613
0.0009926642857710963 0.30017
0.0010348317703301106 0.26399
0.0010295057882565935 0.26754
0.0009920416130727672 0.30094
0.0010218814785296435 0.27298
0.0009802852143588657 0.31936
0.0010006508359041589 0.29127
0.0009932412127734813 0.29946999999999996
0.0009834845168867079 0.31332
0.0009972293562323204 0.29489
0.0009942559666353463 0.29825999999999997
0.0009806473951866816 0.31861
0.0009823827919938882 0.31527
0.000997769049455814 0.2943
0.00099379553265848 0.2988
0.000983701764021547 0.31295
0.0010068287654166042 0.28531999999999996
0.001013910716645126 0.2792
0.0010584359048913471 0.25009000000000003
0.0010148896003880244 0.2784
0.0010357877116854008 0.26337
0.0009890425890599387 0.30485
0.0009897411588156845 0.30391
0.000999890427102329 0.29206
0.0009886759140552805 0.30535999999999996
0.001001180640268889 0.29074
0.001024631969402172 0.27096
0.0009895197334207659 0.30421
0.0010088082027051868 0.28354
0.000992357405935424 0.30055
0.0009924932527997617 0.30038000000000004
0.0010172952226713352 0.27648
0.000990386382847899 0.30306
0.001011633321275887 0.2811
0.0009910381828820134 0.30221
0.0010094611326397949 0.28297
0.0009831590685452387 0.31389
0.0009982312288490769 0.2938
0.0009758281371494539 0.33108000000000004
0.0009810187933841175 0.31786
0.0010070799983644817 0.28509
0.0010260833475526814 0.26992
0.0010020408093229804 0.28988
0.0009952069517973874 0.29715
0.0010041556320287129 0.28781999999999996
0.0010089063528255272 0.28346
0.0010248202888074925 0.27083
0.0009931709813464163 0.29955
0.001010981346681159 0.28165
0.0009984120262098678 0.29361
0.0010037476730594473 0.28820999999999997
0.0010165771677768311 0.27705
0.000996586172282408 0.2956
0.0009950983508090036 0.29728000000000004
0.001012895216346898 0.28004
0.0009957256635940792 0.29656
0.0010042642700163573 0.28770999999999997
0.0010021778703322814 0.28974
0.001020499926142512 0.27401
0.001034790938135961 0.26402
0.0009932016440566424 0.29952
0.000986158720027577 0.30901
0.0009861683895471345 0.30899
0.0009961595442452523 0.29607
0.001009266139516579 0.28314
0.0010130090074777008 0.27994
0.0010324621272661501 0.26555
0.001008721312693126 0.28362
0.0009918932395870026 0.30113
0.0009865573354502573 0.30841
0.0010098703304201983 0.28261
0.001007325056040912 0.28486999999999996
0.0009985009847652006 0.29351
0.000997189736095997 0.29493
0.001014234406478153 0.27893
0.0010051388702999623 0.28689000000000003
0.0010021426415338299 0.28978000000000004
0.0009832683444380816 0.3137
0.0010070929276137593 0.28508
0.00098313873090557 0.31392
0.001001512299552888 0.2904
0.0009829529010761315 0.31425
0.0009828224048740821 0.31448000000000004
0.0009863863094992952 0.30866
0.0010001133523903465 0.29183000000000003
0.0009770736491376546 0.32713000000000003
0.0009862055794961327 0.30894
0.0010119816125813105 0.2808
0.0010112645811432737 0.28141
0.000997260872202416 0.29485
0.0009927690777330462 0.30004000000000003
0.0009905678587182054 0.30282
0.0010290018465646937 0.26789
0.00098952517193258 0.3042
0.0009987963073600705 0.2932
0.0010069900273575899 0.28518000000000004
0.0009997857442407625 0.29216
0.0009965945912269604 0.29559
0.0009762474266204637 0.32966
0.0009908224104048801 0.30249000000000004
0.0009979266594749184 0.29413
0.0010049247411592149 0.28709
0.0009974309270650947 0.29467
0.0010044705018072556 0.28752
0.0009841594942062997 0.31218
0.0010060041399392885 0.28608
0.0009853797404430725 0.31021
0.0009922908539425114 0.30063
0.001012643735598845 0.28025
0.0010248196298411761 0.27083
0.0009860916120970579 0.30911
0.0009998689274961408 0.29208
0.0010012306461925056 0.29069
0.0009980988805968645 0.29394000000000003
0.0010042264675872929 0.28775
0.001006676369067654 0.28546
0.0010038576008982345 0.2881
0.000991681772495613 0.30139
0.0009821650418588462 0.31567
0.0009860206712328904 0.30922
0.000981505390961133 0.31690999999999997
0.000981974827142689 0.31601999999999997
0.0010220590222323877 0.27284
0.0010203879601188208 0.27409
0.0010253665498740747 0.27044
0.0009871759680190797 0.30749
0.000989414499365088 0.30435
0.0010124834931297907 0.28038
0.001014529601757619 0.27869
0.0010068757817999722 0.28528000000000003
0.0010071433206065626 0.28504
0.00099173078475191 0.30133000000000004
0.0009902642644168658 0.30322
0.0010160216823202565 0.27749
0.0009981980866191778 0.29384
0.0009824908362857062 0.31508
0.0010084993353451366 0.28381999999999996
0.00098438924538353 0.3118
0.0009932919863843179 0.29941
0.0010061131044691242 0.28598
0.0009844012109443763 0.31178
0.0010247244271388493 0.2709
0.0009954023796144794 0.29693
0.0009989516317735747 0.29304
0.001008606507972325 0.28371999999999997
0.000997123200989926 0.295
0.0009984134978317366 0.29361
0.0009937521700943914 0.29886
0.0010048164534312367 0.28719
0.000982536505706252 0.31499
0.001014006256704813 0.27912
0.0009957604759136755 0.29652
0.0009798207028737526 0.32034
0.0010078245566831126 0.28442
0.00100367076506839 0.28828000000000004
0.000998349410179313 0.29368
0.0010011168501284677 0.2908
0.0009863355070480091 0.30874
0.0009803017262749985 0.31932
0.0009939007663346783 0.29868
0.0009764616468363142 0.32897
0.0009771782320063477 0.32683
0.0010079078126088335 0.28435
0.001002654346619282 0.28926999999999997
0.0009840371088113717 0.31239
0.000989103638408986 0.30477
0.0009967673354615283 0.2954
0.000991956425975388 0.30105
0.0010047583456182694 0.28725
0.0009905269574587694 0.30287
0.0009793595550957681 0.32136
0.001005881842204147 0.28619
0.0009956119316620934 0.29669
0.0009953794611340858 0.29696
0.0009958432719101272 0.29643
0.0009973257979355248 0.29478000000000004
0.001002146914853548 0.28976999999999997
0.0010105875261728998 0.28199
0.0009913327673890715 0.30183000000000004
0.0010016796094499173 0.29024
0.000999739766303306 0.29220999999999997
0.0009913640619328232 0.30179
0.0009948424356521445 0.29758
0.00100030920029135 0.29162
0.000990546629111749 0.30285
0.0010147638374349618 0.2785
0.0009956223020804623 0.29668
0.0010243255768182997 0.27118000000000003
0.0010102371852981843 0.28229
0.0009993084389805873 0.29266
0.0009987009811371354 0.2933
0.000997506317706992 0.29459
0.000988537396603294 0.30555
0.0009825008860438178 0.31506
0.0010381831083218084 0.26185
0.001002558628963145 0.28936999999999996
0.0010004494504471666 0.29148
0.000999618097365853 0.29234
0.0009816779964959088 0.31658000000000003
0.0010286628138024263 0.26811999999999997
0.0009913161423880192 0.30185
0.001005998131638863 0.28609
0.0009985463471867543 0.29347
0.0010260648465942519 0.26994
0.0009916962004995506 0.30136999999999997
0.0010488674910311545 0.25540999999999997
0.0010121424920068649 0.28067
0.0010095738394076557 0.28286999999999995
0.0009943120639654198 0.29819
0.0010009920586431683 0.29093
0.0009812765600219202 0.31736
0.001003471623094763 0.28848
0.001011085750814963 0.28156
0.0010130727879413925 0.27989
0.0010118934038776573 0.28088
0.0010215057942999232 0.27325
0.0009999033426903409 0.29204
0.0010253518996848343 0.27045
0.0009988702466822569 0.29312
0.000996166267485235 0.29607
0.001010281106835716 0.28226
0.0010096382137569132 0.28281999999999996
0.0010177592248948324 0.27612
0.0009900530640996317 0.30349
0.0010130316161130052 0.27992
0.0009997149749013722 0.29224
0.000990286108021307 0.30319
0.0009973899322639384 0.29470999999999997
0.000998993625934244 0.29299000000000003
0.0010257931382556126 0.27013000000000004
0.0010036004080335793 0.28835
0.000989279905162893 0.30453
0.0010205462287247618 0.27398
0.0009906488840628674 0.30271
0.0010054214215090666 0.28662
0.000993120686828568 0.29961
0.0009890353554199008 0.30485999999999996
0.0009916763163379978 0.3014
0.0009873904339479677 0.30718
0.00098281971834829 0.31448000000000004
0.0009857219042914774 0.30968
0.0010143539651295786 0.27883
0.000990312106168353 0.30315
0.0010236816130378198 0.27165
0.001016848543691345 0.27683
0.000991997279799875 0.301
0.001011947153557217 0.28083
0.0009953798282805939 0.29696
0.000981835782593545 0.31628
0.0009793340677282571 0.32142
0.001017647337613157 0.2762
0.0010167347806420324 0.27692
0.000996397568457131 0.29581
0.001006574985970905 0.28556
0.0010111530359624532 0.28151
0.0009909142152469143 0.30236999999999997
0.0010016583644745372 0.29026
0.001021558785020293 0.27321999999999996
0.0009979517377634263 0.2941
0.0009907793381426816 0.30254000000000003
0.0010186553691837385 0.27542
0.0010004548458880467 0.29147
0.0010000908399531193 0.29185
0.000981776088745611 0.3164
0.0009958247352806159 0.29645
0.0009892980833739271 0.30451
0.0009818820663915551 0.3162
0.0010152083457916695 0.27814
0.0009859728332761997 0.30929
0.0009943427716439782 0.29816
0.000984460110920998 0.31169
0.0009984963480937704 0.29352
0.0009919331807630636 0.30108
0.0010233906764681073 0.27186
0.0009926435997691596 0.3002
0.0010010260066979873 0.29089
0.000989514626194638 0.30421
0.0009996013735103667 0.29236
0.0010120919504478002 0.28071
0.000985849969547242 0.30948000000000003
0.0010271157250161525 0.2692
0.0009853567872402961 0.31025
0.0009794907110230932 0.32106999999999997
0.0009888421431944235 0.30513
0.0010025846992113138 0.28934
0.001022783469270928 0.27231
0.0009901649637143939 0.30335
0.0009925220148864367 0.30035
0.0010181423556526433 0.27581999999999995
0.0010115796068879297 0.28114
0.0010204540100602294 0.27404
0.0009961786652733398 0.29605
0.0009890933131486885 0.30478
0.000990633092019526 0.30273
0.0010181838388440383 0.27578
0.0010048625093517498 0.28715
0.0010035289821944896 0.28841999999999995
0.001009629325396102 0.28281999999999996
0.0009900167059699054 0.30354000000000003
0.0010113767129995479 0.28131999999999996
0.000999662629675793 0.29229
0.0009945561446716327 0.29791
0.0010164352592951847 0.27716
0.0010088071090449944 0.28355
0.0009958973769723278 0.29636999999999997
0.0009782619414848797 0.32395999999999997
0.0009972861624302774 0.29483000000000004
0.0010083134368298915 0.28398
0.000982992744346457 0.31418
0.0009878743632142119 0.30648000000000003
0.0009754852807507883 0.33234
0.0010289900073705525 0.26789
0.000992786621074718 0.30002
0.0009969098782433175 0.29524
0.00098214468315806 0.31571
0.0009915316661162782 0.30158
0.0010146682546838207 0.27858
0.0009942756498624535 0.29824
0.0009922612372677887 0.30067
0.0009961968089517307 0.29603
0.0009980672906282483 0.29398
0.0009942028383536229 0.29832
0.000994722205132096 0.29771
0.0010142639704052122 0.27891
0.0009896173924945106 0.30407
0.0010302414980597706 0.26704
0.0009982998816410271 0.29373
0.0009784839011870677 0.32341
0.000991140368198626 0.30208
0.0009845649489897187 0.31151999999999996
0.0010145365627415677 0.27869
0.0009871509314733273 0.30753
0.0009955135179931741 0.2968
0.0009958342425726463 0.29644000000000004
0.0010298651322846978 0.26729
0.0009908649815642736 0.30243000000000003
0.001005744141771728 0.28631999999999996
0.0009957173683598749 0.29657
0.0009925152622367857 0.30035
0.000985404750804733 0.31017
0.000995385055232534 0.29695
0.0010013746708421127 0.29054
0.000989274471394574 0.30454000000000003
0.001005164794638227 0.28686
0.0009919119078959332 0.3011
0.0009980450591956613 0.294
0.000979505931380425 0.32103000000000004
0.0010070107913425833 0.28515999999999997
0.001002253498718145 0.28967
0.0010012148628771949 0.2907
0.0010389631686641993 0.26136
0.001022447670813248 0.27255999999999997
0.000977221108646815 0.32671
0.000993806050314932 0.29879
0.000988613973308665 0.30544
0.0010172937265730325 0.27648
0.0009894073237854282 0.30435999999999996
0.0010186080936158074 0.27546
0.0009862871338353497 0.30881
0.0009961501119004417 0.29608
0.001018034855155085 0.2759
0.0009805834864588868 0.31874
0.0010031101164124476 0.28883000000000003
0.0010056251677086183 0.28643
0.001003106004371557 0.28883000000000003
0.0010045373649734362 0.28745
0.0009957660358589603 0.29652
0.0009910395829719788 0.30221
0.0010035092595015044 0.28844000000000003
0.0010013059011704474 0.29061
0.000989373120910061 0.3044
0.000990152169749592 0.30336
0.0010116841962077758 0.28106
0.0010054104913582947 0.28663
0.0009933178915588633 0.29938000000000003
0.0010188507154127177 0.27526999999999996
0.0010096549791654152 0.2828
0.0009971139155037186 0.29501
0.0009994028216275097 0.29256
0.0009935176608122603 0.29914
0.0010023348506049982 0.28959
0.0009813764993885506 0.31716
0.0010064932306972426 0.28563
0.000990210418159749 0.30329
0.0009822825150801583 0.31545
0.000990251987682752 0.30323
0.0010418281585867152 0.25958000000000003
0.0009882308209205172 0.30598000000000003
0.0010177096622033827 0.27615
0.000984958060250615 0.31088000000000005
0.000981115628228182 0.31767
0.0010413844828082385 0.25986
0.0010033881060870812 0.28856
0.000999173508179992 0.2928
0.0010025670947734272 0.28936
0.0010411150059993573 0.26002
0.0010125726326968903 0.28031
0.0009890393650013006 0.30485999999999996
0.001003187269547323 0.28875
0.0010199778005473843 0.27441
0.0009963273220406222 0.29589
0.0010124926609773237 0.28037
0.0009868470206860055 0.30798000000000003
0.0009988338257486578 0.29316
0.0009924431679443895 0.30044
0.0010153372808146654 0.27804
0.0009859677008146786 0.3093
0.00100312444594143 0.28881
0.0009940980137564278 0.29845
0.0010265276845743518 0.26961
0.0010106992146072674 0.2819
0.000991739247336616 0.30132
0.0010004622197457948 0.29147
0.000985354833110122 0.31025
0.0009818424771828183 0.31627
0.0010144230510974865 0.27878000000000003
0.0010331096092019544 0.26511999999999997
0.0009950153935337242 0.29738000000000003
0.0010008515919942426 0.29107
0.0009980488718271513 0.294
0.001014244396657968 0.27892
0.0009995432402722664 0.29241999999999996
0.0009972644649254806 0.29485
0.0009802359296362194 0.31945999999999997
0.0010202460355092915 0.2742
0.0009942475657160746 0.29827
0.0010334800476954947 0.26487
0.0009782428379128533 0.324
0.001012273949430728 0.28056
0.0010070625051141165 0.28511
0.001008868332005956 0.28349
0.000998909368182393 0.29308
0.00099508297334712 0.2973
0.0010149095215488376 0.27838
0.000996161388895563 0.29607
0.0009807054350728015 0.31849
0.0010020150377252526 0.2899
0.0009961016053007048 0.29614
0.0009999158769013602 0.29203
0.0009927641173655215 0.30005
0.0009943701617221778 0.29813
0.001009596965842867 0.28285
0.000995834104442074 0.29644000000000004
0.001009761468729333 0.28271
0.0009846779578233367 0.31133
0.001009550376563783 0.28289000000000003
0.0010034436641766504 0.2885
0.0010179383954266 0.27598
0.0010151703555202056 0.27817
0.000996735056927187 0.29543
0.0009999764524701333 0.29197
0.0009835972077164253 0.31313
0.0010039963568531463 0.28797
0.0009966682508726855 0.29551
0.0009974031852093103 0.2947
0.0009876389401452163 0.30682
0.0009972664385988533 0.29485
0.0009846628788221542 0.31135999999999997
0.0009952557479400552 0.2971
0.0010226094822406871 0.27244
0.0009811565824250216 0.31759
0.00100526328875682 0.28676999999999997
0.0009897847300935501 0.30385
0.0009867178490574821 0.30817
0.0010005359520618624 0.29139
0.0009961309633600836 0.29611
0.0009934987016322202 0.29916
0.0009939189540327023 0.29866
0.0010266359908968298 0.26953
0.0009994368017483542 0.29253
0.0009843905069634431 0.3118
0.0009914947289006901 0.30163
0.00098724977243627 0.30738000000000004
0.0010046494188466536 0.28735
0.0010043290912028376 0.28765
0.0009771189969492436 0.327
0.0010134715200540482 0.27956
0.0010238644679369739 0.27152
0.0010232558118867014 0.27196
0.000996382860776732 0.29581999999999997
0.0009929416060437248 0.29983000000000004
0.0009842757551800458 0.31199
0.0010525523424441516 0.25332
0.0010081727681080816 0.28411
0.0010101052197511434 0.28241
0.0010061192106752854 0.28597
0.0010029235595001053 0.28901
0.0009759652634292455 0.3306
0.0009984231667820747 0.2936
0.0009875421263622693 0.30696
0.0009990514387018265 0.29293
0.000983542158508993 0.31322
0.001024417157577633 0.27111999999999997
0.0009883690457937362 0.30579
0.0010002397843659346 0.2917
0.0009849033258215064 0.31096999999999997
0.000988896154525164 0.30505
0.000991866670512906 0.30116
0.000992043452979583 0.30094
0.0009881006573323327 0.30616
0.0010062519376481333 0.28585
0.0009812624151097605 0.31738
0.0009906468887591574 0.30272
0.0009939610295917447 0.29861
0.0010150039317080306 0.27831
0.0009960355168421172 0.29621
0.0010147883267711383 0.27848
0.0009956153456502686 0.29669
0.0010251280721840803 0.27061
0.0009945062580943489 0.29796999999999996
0.0009955250276092872 0.29679
0.0009798729697367951 0.32023
0.0010350278961999177 0.26386
0.0009837845645717538 0.31281
0.0009962112284173771 0.29602
0.0010020045242430764 0.28991
0.0010499288666176087 0.2548
0.000989128718405152 0.30474
0.0009930007147341234 0.29975999999999997
0.0010054922342988706 0.28656
0.0009887160347251901 0.3053
0.00098333435738023 0.31358
0.0010174130658852525 0.27639
0.0010053943602499355 0.28665
0.0010036516449890016 0.2883
0.0009793577279015187 0.32137
0.0010082231187889098 0.28406
0.0009950066899794756 0.29739
0.0009921855859234096 0.30075999999999997
0.0009883353574926998 0.30583
0.0009762770522129572 0.32955999999999996
0.000996778243981963 0.29538000000000003
0.0009894913159015628 0.30424
0.0009906241814591585 0.30275
0.0009839373030215586 0.31255
0.001008645826232631 0.28369
0.000982788471618967 0.31454
0.0009986617328908147 0.29334
0.0010454651953810165 0.2574
0.0009980167752532759 0.29403
0.0010131242632100002 0.27985
0.0010027610022055222 0.28917
0.0010337988244062065 0.26466
0.0010001873539471865 0.29175
0.0010105803982179294 0.282
0.0010511034109883305 0.25413
0.0010100649376126663 0.28244
0.0009854329098983319 0.31013
0.00100071052330094 0.29120999999999997
0.001037622472568172 0.2622
0.0009955320020647615 0.29678000000000004
0.0009781974980703357 0.32411999999999996
0.0009865305062428987 0.30845
0.0009856583740945788 0.30978
0.0009959281692748356 0.29633000000000004
0.0009855799054936875 0.3099
0.0009919819797518283 0.30101
0.0009964097747977802 0.29579
0.0009965535212888442 0.29563
0.000998082693515265 0.29396
0.0010053853301534956 0.28665999999999997
0.0010214857418391699 0.27326999999999996
0.001015157383389734 0.27818000000000004
0.0010030301380519878 0.2889
0.0010184300429283242 0.27559
0.0010006107243417596 0.29131999999999997
0.0009791088333069048 0.32193
0.0009924775869333856 0.3004
0.0009955633013520083 0.29675
0.0010091964473300185 0.2832
0.0009877202857706561 0.3067
0.0009927222400845674 0.3001
0.000981723690962108 0.3165
0.0009932448533109747 0.29946
0.0010259081524491497 0.27005
0.0010028139910284945 0.28911
0.0009981932254855672 0.29384
0.0010023868330480848 0.28953
0.0010042758194778276 0.2877
0.0009845745171882243 0.3115
0.0009906394158572351 0.30273
0.0010116478756465297 0.28109
0.0009806981625361051 0.31851
0.0009793448421026548 0.32139
0.001007246551389459 0.28494
0.001006831908266609 0.28531999999999996
0.0009889605154028958 0.30496999999999996
0.0010036629735933479 0.28829
0.001032978482494558 0.2652
0.0009755387494257082 0.33213000000000004
0.0009964377828585004 0.29575999999999997
0.0010021747147697102 0.28974
0.0009835695233517997 0.31318
0.0010078225691587345 0.28442
0.0010012237396638786 0.29069
0.0009918291652163647 0.30121
0.0010140092855211995 0.27912
0.0009816833663219165 0.31656999999999996
0.0009899655536384328 0.30361
0.000988238456429446 0.30596999999999996
0.0009953822529654656 0.29695
0.0010234258337346556 0.27184
0.0010106620472373053 0.28193
0.0009800785177054637 0.31979
0.0010075649778405046 0.28465
0.0010027022479490652 0.28922
0.0010062082832642365 0.28589000000000003
0.0009894213455564592 0.30434
0.00098705504532825 0.30767
0.000978899443297078 0.32242
0.0009918128716907386 0.30123
0.000987502835614234 0.30701999999999996
0.0010014545207487297 0.29046
0.0010181563711622612 0.27581
0.0009897158680186033 0.30394
0.0010193867136433958 0.27486
0.0009869791799573795 0.30778
0.0010437342255827638 0.25843
0.0010206127816663735 0.27393
0.001008215132261356 0.28407
0.0010251219578191076 0.27061
0.0009947446965082054 0.29769
0.001009156582429356 0.28324
0.0009945664469734146 0.2979
0.0009917747218481053 0.30127
0.0010115416860612318 0.28118000000000004
0.0009988275438434441 0.29317
0.0009826842092207921 0.31473
0.0009825365846380077 0.31499
0.0009808861216255506 0.31813
0.0010041915753872417 0.28778000000000004
0.0010087645431983152 0.28358
0.000992254392973815 0.30068
0.0010175277442393484 0.2763
0.0010059417237047407 0.28614
0.0010141545028751735 0.279
0.0009903485422811354 0.30311
0.000992343264248841 0.30057
0.000984887410257557 0.31099
0.001013369633198137 0.27964
0.0010009566892475266 0.29096
0.001006402196009046 0.28570999999999996
0.0009982115112790663 0.29381999999999997
0.0010227785849890622 0.27231
0.0009876831028420307 0.30676
0.0010502924723913036 0.25459
0.0009920848686236097 0.30089
0.0009964651894440626 0.29573
0.000998404288431188 0.29362
0.0009915254752861672 0.30159
0.0010133804144031675 0.27963000000000005
0.000989379596729348 0.3044
0.0009969932187929877 0.29515
0.000995141183429838 0.29723
0.0009928384037217975 0.29996
0.001006325945276647 0.28578000000000003
0.0010200782596113199 0.27433
0.0009849374467292807 0.31090999999999996
0.0010453068085671815 0.25749
0.0009851108355099405 0.31064
0.000991656719632238 0.30141999999999997
0.0009795198470869092 0.321
0.0010158389562544246 0.27763000000000004
0.0009963855962553919 0.29581999999999997
0.000987977559843945 0.30634
0.001011911997239368 0.28086
0.0009821490883469373 0.3157
0.0010177713449038737 0.27610999999999997
0.0010050506754473144 0.28697
0.001016749735743127 0.27691
0.0010053064334996213 0.28673000000000004
0.0010082725260834656 0.28402
0.0009843355712204098 0.31189
0.0009902639145366794 0.30322
0.001015331379906965 0.27804
0.0009795298103236732 0.32098000000000004
0.0009980321392436338 0.29402
0.0009936078932805935 0.29903
0.000985014794916668 0.31079
0.001022804823915911 0.27229000000000003
0.000994769605169334 0.29766
0.0010243788709326058 0.27114
0.0009963755576919285 0.29583000000000004
0.0010023940852826225 0.28953
0.0009850330611669682 0.31076
0.0009948546196034975 0.29756
0.001003612202638868 0.28834
0.0010069936174242973 0.28517
0.000987938462440763 0.30639
0.00099421227411375 0.29830999999999996
0.0010101993506133546 0.28233
0.0010145314587410165 0.27869
0.0009938038721020572 0.29879
0.0009981864572772526 0.29385
0.0009976758634977943 0.2944
0.0010315896095665616 0.26613000000000003
0.0009894514009095938 0.3043
0.0009916580204882893 0.30141999999999997
0.0010052873124715338 0.28675
0.0010195621965822 0.27471999999999996
0.0009991631772275006 0.29281
0.0010080226429445066 0.28424
0.001010939925534678 0.28169
0.0010112919501603559 0.28139000000000003
0.000989846729469763 0.30377
0.000988262181873198 0.30594
0.00101500232100689 0.27831
0.0010072275576767757 0.28496
0.0009907366030481035 0.3026
0.0009938909307927984 0.29869
0.0009953043653478338 0.29704
0.0009924348544951645 0.30045
0.0010323790111786604 0.2656
0.0010119137513837954 0.28086
0.001013473706425734 0.27956
0.0009898056284143204 0.30382
0.0009935883257947626 0.29905
0.000994875013785626 0.29754
0.000997565709868648 0.29452
0.00101036052849961 0.28219
0.0010033977331049236 0.28855
0.0009869002776113115 0.3079
0.0009885466841766393 0.30554000000000003
0.0009820426428026527 0.3159
0.0010192456329964857 0.27496
0.0009974115641187655 0.29469
0.0010293725510734301 0.26763000000000003
0.0010050919523915494 0.28693
0.0009943102240586041 0.2982
0.000996581463130375 0.2956
0.0010060721590003153 0.28602
0.0010121774917893809 0.28064
0.0009863718921207865 0.30868
0.0009912956195623085 0.30188000000000004
0.001015717885566553 0.27773000000000003
0.0009990547005186842 0.29293
0.0010132250897999233 0.27976
0.0009853888544045031 0.3102
0.0009913337445490284 0.30183000000000004
0.0010156257259110975 0.2778
0.0010061156934686602 0.28598
0.0010057519820098984 0.28631
0.0009990610306178066 0.29291999999999996
0.0009941443237385299 0.29839
0.0009929815868754033 0.29978
0.0009804369860844026 0.31904
0.001005780798931375 0.28629
0.0009941416377819573 0.29839
0.0010005424500807054 0.29139
0.000981123506034832 0.31766
0.000980251090035775 0.31943
0.0009997936886460815 0.29216
0.0009971155051437417 0.29501
0.0009924735898748126 0.3004
0.001004781334112648 0.28722
0.0010120339636888235 0.28076
0.000988881589529093 0.30507
0.0009967136586420506 0.29546
0.0009947435093062926 0.29769
0.0010267399832952734 0.26946
0.00100320068623814 0.28874
0.0010032359628510208 0.2887
0.00102540700220915 0.27041
0.001001535432059773 0.29038
0.0010102369940404685 0.28229
0.0010029514586501816 0.28898
0.0009757861133893761 0.33123
0.001007949175125717 0.28431
0.0009917776656610626 0.30127
0.0010156538544565893 0.27778
0.0009910640751542522 0.30218
0.0009987912196771417 0.29320999999999997
0.001010501029681179 0.28207
0.0010110828495037201 0.28157
0.0010162594492449696 0.2773
0.0009853736412572837 0.31022
0.001019257275430457 0.27496
0.0009797577677008585 0.32048000000000004
0.000990880719342033 0.30241
0.0010026206962662054 0.2893
0.0010091779621199922 0.28321999999999997
0.0010005978114101047 0.29133000000000003
0.0009904733020798888 0.30294
0.000997335904236096 0.29477
0.001001354691241442 0.29056
0.0009913649941244481 0.30179
0.0009889358499881873 0.305
0.0009883711118703904 0.30578
0.0010055788415986335 0.28648
0.0010135927740305643 0.27946
0.0009970639150825562 0.29507
0.0009932198919021821 0.29949000000000003
0.000987605877795772 0.30687
0.0009922006288740307 0.30074
0.00098595696476772 0.30932
0.0010098081352325145 0.28267
0.0009995603766220725 0.2924
0.0009937272933095485 0.29889
0.0009916601313435358 0.30141999999999997
0.0010010608340070277 0.29086
0.0009935927302246806 0.29905
0.0009881741760013882 0.30606
0.0009886545950813796 0.30539
0.0010094977032780944 0.28294
0.00098049883158164 0.31890999999999997
0.0009767305572719004 0.32814
0.0009987490035209094 0.29325
0.0009860719952788798 0.30914
0.0010020933289194335 0.28981999999999997
0.0009812246572695486 0.31745999999999996
0.0010032525925955677 0.28869
0.0010165342782340575 0.27708
0.0010185098474871294 0.27553
0.0010176071786158088 0.27623000000000003
0.0010037189758637828 0.28824
0.001025410834383839 0.2704
0.0009862758509582947 0.30883
0.0010017562804559674 0.29016
0.0009943180715068867 0.29819
0.0009857577962305213 0.30962
0.0009788332442201885 0.32256999999999997
0.0010233512145747747 0.27189
0.0009986209982229207 0.29339
0.001049951706735466 0.25479
0.0010043633066010311 0.28762
0.0010027138497787197 0.28920999999999997
0.001010636213594664 0.28195
0.00099390379040757 0.29868
0.0010048934557229734 0.28712
0.000999023349432473 0.29296
0.0009957321008961873 0.29656
0.0009918787734453658 0.30114
0.0010049220935300814 0.28709
0.0010116170556420114 0.28110999999999997
0.0010281349337787217 0.26849
0.0010009455403267688 0.29097
0.0009995012834903372 0.29246
0.0009918399906307682 0.30119
0.0010071202548880861 0.28506
0.0009801777328352873 0.31958000000000003
0.0009789347901136838 0.32233
0.0010149885910556674 0.27831999999999996
0.0009906126388283206 0.30276
0.0010117927598174193 0.28096
0.001004176558620713 0.2878
0.00098602426869945 0.30921
0.0009898746527167938 0.30373
0.0010002905471616032 0.29164
0.0009966920869347395 0.29548
0.0009853686562235854 0.31023
0.0009785757904633118 0.32319000000000003
0.0010173644289342748 0.27642
0.0010000221848842918 0.29191999999999996
0.0009907738398628315 0.30255
0.0009977441244770626 0.29433000000000004
0.001012129512476541 0.28068000000000004
0.000981690860664436 0.31656
0.0009899883548596315 0.30358
0.0010039785602088452 0.28799
0.0010112407056153418 0.28143
0.0009968548379536556 0.2953
0.000982694640545636 0.31471
0.0010012618885578129 0.29066
0.0009943157344818013 0.29819
0.001008763190922779 0.28358
0.00098599157672209 0.30926
0.0010179695539269168 0.27595
0.0010208487272787713 0.27375
0.000984126173431251 0.31224
0.0009868070315057758 0.30803
0.0009854336481758836 0.31013
0.000999794866550744 0.29215
0.0009939867784206967 0.29858
0.0009880894048136452 0.30618
0.0010043639786593936 0.28762
0.0009966274833798066 0.29555
0.001005594817879318 0.28646
0.0009850159449295804 0.31079
0.0010088023222893845 0.28355
0.0009958916942653944 0.29638000000000003
0.0009776546157003268 0.32552
0.0010031464269174843 0.28879
0.0010312402306726191 0.26636
0.0009960842575807642 0.29616
0.0010065492174090142 0.28558
0.001008010508515241 0.28425
0.0009897806355087212 0.30385999999999996
0.001004464239445241 0.28752
0.0009953047150382806 0.29704
0.0009948650416310915 0.29755
0.0010046423428803875 0.28736
0.0010123807082354182 0.28047
0.0010146167513337228 0.27862
0.0009851545638923584 0.31056999999999996
0.001005096311473656 0.28693
0.000995923428815736 0.29634
0.0009771283843257224 0.32697
0.0010074503723464911 0.28476
0.0009956297184399252 0.29667
0.0009939968777008953 0.29857
0.0010018017654494303 0.29011
0.0009883486529397864 0.30580999999999997
0.0009927886755772448 0.30002
0.000976130782941546 0.33004
0.0009955974440798594 0.29671
0.0010001052085685004 0.29183000000000003
0.0009934430042736397 0.29923
0.000995022496063562 0.29736999999999997
0.0009873432967003489 0.30725
0.0009990540603366078 0.29293
0.0009977183993655852 0.29435
0.0010104263370919965 0.28213
0.001000630214603493 0.2913
0.001001385432693684 0.29053
0.0009804423657768797 0.31903000000000004
0.0009947467625848595 0.29769
0.0009973741144159846 0.29473
0.0010160749434198378 0.27745
0.0009989320481598612 0.29306
0.0009842738780842296 0.31199
0.0009830234472815202 0.31411999999999995
0.0010297566743601215 0.26737
0.0009779670611734775 0.3247
0.000991471464524646 0.30166
0.0010126025838828761 0.28028000000000003
0.0009936988778774833 0.29891999999999996
0.0009890717628819744 0.30480999999999997
0.0009831489246761875 0.3139
0.000995195425673912 0.29717
0.0009852121721204393 0.31048000000000003
0.0009909024656099576 0.30238000000000004
