0.0009081763767910229 0.29374
0.0009157770129625564 0.30374
0.0009021987851520252 0.22528
0.0008986845402075374 0.23287
0.0008964008300962767 0.23998000000000003
0.0010966609549235057 0.12394000000000001
0.0013593334438310942 0.47433000000000003
0.0010068056981722107 0.15199000000000001
0.0008946289067156363 0.25419
0.0009008352838448398 0.22794
0.001043764867015434 0.38511999999999996
0.0012597724799844033 0.45246000000000003
0.001000064699537878 0.15467999999999998
0.001327160073969632 0.46767
0.001070042645974295 0.13105
0.0008964467253741023 0.2398
0.0009963439565832785 0.3629
0.0012689949362076317 0.45465
0.0008946376961253046 0.25303000000000003
0.0009649180001228268 0.17101
0.001054549302402345 0.38958000000000004
0.0009332260572206484 0.19104000000000002
0.0011821806037879987 0.43232
0.0010817887861423263 0.40010999999999997
0.0012023215572143598 0.43787
0.0009730397803731539 0.34981
0.0008951740639396223 0.26192
0.000916196151428327 0.30423
0.0009595947336145675 0.17392
0.000960957315581658 0.34219
0.0008951578736990388 0.2618
0.0013076784649002373 0.46345
0.0009136013748130376 0.30109
0.0010076647468254432 0.15165
0.0009843657058703735 0.3564
0.001273691672365981 0.45575
0.0010946986698274668 0.40476999999999996
0.0009057968170740967 0.21925999999999998
0.0009716393814469522 0.16754000000000002
0.0009107493854942639 0.29738000000000003
0.0008988853748054019 0.27618000000000004
0.0009673130322084773 0.16975
0.0012152071226135617 0.44128999999999996
0.0008950709507787061 0.24699000000000002
0.0010112075990539216 0.37039
0.000960208386874306 0.34169
0.001120311613252113 0.41352
0.0010783639946014057 0.39883
0.001068942401719042 0.13136
0.0010205785763948193 0.37485
0.0010717497933239227 0.13057
0.0009000652317128324 0.22959000000000002
0.0009983321900949302 0.1554
0.0009013961610159431 0.28201
0.0009351727405080115 0.18957000000000002
0.0012271499971919508 0.44438
0.0009143217325519151 0.30198
0.0009264843119332802 0.31511999999999996
0.0010269682215081806 0.14454
0.0009240771310267054 0.31275
0.000979447215418042 0.3536
0.0008984130818764711 0.23358
0.0010613663252336816 0.39231
0.000988825350230692 0.35886999999999997
0.000953967360222279 0.33744
0.0011716154229519404 0.42931
0.0010010437250118668 0.15429
0.0009352867505840159 0.18949000000000002
0.000894647360422465 0.25258
0.0009354182177244318 0.32319000000000003
0.0009073865314973267 0.29256
0.0010351453622762469 0.14175
0.0011075473782930854 0.12125
0.0012613448857697078 0.45283
0.0010347690574341397 0.38125
0.0009942665815897114 0.3618
0.0009625066402195551 0.17231
0.0009306476592044277 0.19305
0.0009609247140429729 0.34215999999999996
0.0008974893304260053 0.23621999999999999
0.0009260750568632601 0.31472
0.0009152792498978785 0.30314
0.000923207187568 0.19937
0.0009560141748803938 0.17595999999999998
0.0009773519632452978 0.16473
0.0008948645077692718 0.25921
0.001006790781687048 0.36822
0.000992968564541443 0.36111
0.001204227661604471 0.43838
0.0009164670475469863 0.20595
0.0011327309451395111 0.11544000000000001
0.0010491278999177833 0.13725
0.000970257197539707 0.16824
0.0008960787860597284 0.26692
0.0013071155147309885 0.46333
0.0010349228233561586 0.38132
0.0008954325186036148 0.24455
0.0009506300429646491 0.17917
0.00103760166993882 0.38248000000000004
0.0009457427133346209 0.18225
0.0009248765729591942 0.19788
0.0011015101413575262 0.40715999999999997
0.000895504457380417 0.24413
0.0009285985905733351 0.19471
0.0009664736516468997 0.34575
0.0009036987744834087 0.22261999999999998
0.001061645910705982 0.39242
0.0009553585217469911 0.17634
0.0009436246756619479 0.32983
0.001008619660755767 0.36913
0.0011135334722834202 0.11982000000000001
0.0010756114978920886 0.3978
0.0009465164211281098 0.33204
0.0009759308614612668 0.16542
0.0009226467033880401 0.19988
0.001109886184617459 0.41003999999999996
0.000905419807017821 0.28944000000000003
0.0009607610715061091 0.17327
0.0009253595042246842 0.19745
0.0009003252428206602 0.22901999999999997
0.0008970475762843163 0.2707
0.0010712787202045426 0.1307
0.001034638519277773 0.38119000000000003
0.0009039156257306766 0.22225
0.0010108046936237822 0.3702
0.000980608458438588 0.16319
0.0009052291665318643 0.28912
0.0010680630632404664 0.13161
0.0009205906449995906 0.30914
0.0008950622352055639 0.26106
0.0008953869750287527 0.26334
0.0010054551883264692 0.36756
0.0013597181580507897 0.47441000000000005
0.0009451537409132333 0.18263
0.0009607212068642332 0.17329
0.0011259718955841345 0.41536000000000006
0.0009959833834418585 0.15637
0.0010224050955577484 0.14615
0.0009008799733269867 0.28092
0.0011571279970209465 0.42505
0.0009595739322075787 0.34126999999999996
0.0010801675956600325 0.39951
0.0011496856647040582 0.42281
0.0010427252883569854 0.38468
0.0009179163395139781 0.20445
0.0008957177662826683 0.26519000000000004
0.0009025477737945427 0.28431999999999996
0.001187572902927663 0.43383
0.000916468913049424 0.30455
0.0010214839728383027 0.14648
0.0009244038047641337 0.31308
0.0009719091019072904 0.34912
0.0010455638228524414 0.13837
0.0008956321068710543 0.24344000000000002
0.0009647418147190875 0.17110999999999998
0.0009350066098309009 0.1897
0.0010342191683436312 0.14206
0.0010784814190893434 0.12871
0.0009108261284672471 0.21239
0.0011791860456303758 0.43146999999999996
0.0009141266677511705 0.2085
0.0011276967656589814 0.11656
0.0012262264687579315 0.44415
0.0012093763282353764 0.10056
0.0010460089605152728 0.38606
0.0010773174810355906 0.39844
0.001069079284693312 0.13132
0.0009730907946318614 0.34984
0.0010258615549820146 0.14493
0.0012230671222411074 0.44333
0.0011452945902160182 0.42146000000000006
0.0009286925874849396 0.19463
0.0009239720776227044 0.19868
0.0012969696791029744 0.46108000000000005
0.0009424479128063391 0.32892
0.0009022751664767167 0.22513000000000002
0.0010670783645595895 0.13189
0.0011213979616238197 0.41386999999999996
0.0010440758497376084 0.13884000000000002
0.000921342782883471 0.20109000000000002
0.0008997688300470306 0.23025
0.0009084640038144618 0.21545
0.000902833190996233 0.28486999999999996
0.0009493136544845383 0.33411
0.000901539853978232 0.28231
0.0010784708060681647 0.12871
0.0009172988912074792 0.20508
0.000987404045772931 0.35809
0.0009436012278935848 0.32982
0.0008975267604214443 0.23611
0.0008955357634647839 0.26421
0.0011760455788119308 0.43058
0.0009094549349008984 0.29559
0.0011369898180397294 0.11450999999999999
0.0009288436214554887 0.19451
0.0009752471281462586 0.35113
0.0010202582111597785 0.14693
0.0008950053221618459 0.24753000000000003
0.0011239665866977057 0.1174
0.0008994804229180892 0.23092
0.0010883098932727526 0.40249
0.0009213589774939713 0.20108
0.0009178930621723727 0.30618
0.0009069349934131671 0.29186
0.0009475642516964534 0.33282
0.0012413915604497204 0.44797
0.001018810691721476 0.14745
0.000916927643263297 0.20546999999999999
0.0010440100817354693 0.38522
0.0009555392027403692 0.17624
0.0009139814980583574 0.20865999999999998
0.0008953437619757565 0.26306999999999997
0.0008950606703232686 0.24706999999999998
0.0012715851015058287 0.45526000000000005
0.0008953281771946879 0.26297
0.00100591043978515 0.15234
0.0008946590027850943 0.25589
0.0009552278494793828 0.33831
0.0009414981388023604 0.32816999999999996
0.0009712141894408399 0.16775
0.00114263522788713 0.42063999999999996
0.0008948321042330264 0.25884
0.0011105259207054253 0.41025
0.0009324851678041328 0.19161
0.0009179367785192412 0.20443
0.0011006818326583976 0.40688
0.0012952048776320045 0.46068000000000003
0.0009404447704945509 0.1858
0.000916839012910967 0.30498000000000003
0.0011312077253301132 0.41705
0.000987499865693299 0.35814
0.0009468244836910157 0.18155
0.0009138101082616521 0.30135
0.0009169860542843764 0.20540999999999998
0.0009077799287418179 0.29315
0.0009974205517526197 0.36346
0.0011050929640100057 0.4084
0.0010594568938299736 0.39155
0.000894631813765154 0.25344
0.0010166952847387512 0.14823
0.0008946295456276183 0.25372
0.0009237520844052159 0.19888
0.00108164622468713 0.12785
0.0009289774715567731 0.31747
0.0010827074651741284 0.40044
0.0009352144483506806 0.18954000000000001
0.001037576816564097 0.14095
0.0010249839870732004 0.14524
0.0009015662910710991 0.28236999999999995
0.000950160559741571 0.17945999999999998
0.0009200543659397912 0.20232999999999998
0.0009102106033762259 0.21316
0.0011344804633536757 0.41808999999999996
0.000903634137385615 0.28635
0.001222529575453359 0.4432
0.0009698127310358305 0.34784
0.0009876281328490806 0.35821
0.0009754911664545382 0.35128000000000004
0.0009130695606027723 0.2097
0.0011979139980437526 0.43668
0.0009077700269622791 0.2164
0.0009182349897826824 0.20413
0.0012154825575689684 0.44136000000000003
0.0008979930792219705 0.23474
0.0008948190172361589 0.24941
0.00089462885729037 0.25388
0.0010117099485723714 0.37064
0.0012955643881301941 0.46076000000000006
0.0009594574070183928 0.174
0.0010691464519729664 0.39534
0.0009023938606515317 0.22491999999999998
0.0009543719878517205 0.17692
0.0009286399325484823 0.31716
0.0009453222337564356 0.33113000000000004
0.000962840813487745 0.34342
0.0009827946428550387 0.35551
0.0009459513438641593 0.33161
0.0011101163880703415 0.41011000000000003
0.0009739272985826526 0.35034
0.000970107558627443 0.16831
0.001023657306384083 0.37627
0.0009031393300422876 0.22358000000000003
0.0009589440216516362 0.17429
0.0010495116931398295 0.13713
0.0009517111640116735 0.33584
0.0010273114490934121 0.14442
0.0011693844080105092 0.10786
0.0009539259394379416 0.17718
0.0009189512006211492 0.30735999999999997
0.0010497194120142992 0.3876
0.0009565376448097633 0.33921
0.0009036118417684346 0.28631
0.0009511527141033544 0.33544
0.0012142256579725328 0.44103000000000003
0.0014551098796084922 0.49235
0.0009455434645645153 0.3313
0.001047793973153082 0.13766
0.0009140437761544818 0.20859
0.0008988280467702693 0.23251
0.0008990292166462376 0.27656
0.0012009101146041384 0.43749
0.001016838009538426 0.37309000000000003
0.0009156280857439929 0.20685
0.0009876802309978557 0.15996
0.0008953072689507663 0.26283
0.0009206510285107274 0.30921
0.0009316280541199474 0.31989
0.001043587652872992 0.38504
0.0009045518973786957 0.28797
0.0009007409338740906 0.22814
0.0009303053336303101 0.19333
0.0009139407653098948 0.20870999999999998
0.0009370715233284584 0.18818
0.0013869611598752146 0.4798
0.0010090907721495915 0.36935999999999997
0.0008976191555324903 0.27258000000000004
0.0011146632639575352 0.41163999999999995
0.0009419321159989111 0.32850999999999997
0.0009162903920004679 0.20614000000000002
0.0010629980160234366 0.13307
0.0012898032539938869 0.45946000000000004
0.000895071122863018 0.24699000000000002
0.0011067529668883334 0.12145
0.0012625376869736173 0.45311999999999997
0.001051589394219606 0.13649
0.0009465244021031593 0.33204
0.000898512976216905 0.23331999999999997
0.000927628495853222 0.19552
0.0010354829811485354 0.14164000000000002
0.0010092175090810394 0.15105
0.0011459732791401051 0.11259000000000001
0.0012685665711898203 0.45455
0.001014395321098456 0.14908
0.000901206872642537 0.28162
0.001012505801597626 0.14979
0.0009304005193099866 0.31878
0.000923524901921063 0.31219
0.0009224078375544519 0.31105
0.001298137913689119 0.46134
0.0009537819384718576 0.17727
0.0009181364802538322 0.20423
0.0014361430090732118 0.48898
0.0011657763924859729 0.10857
0.0009243248265033344 0.19837
0.0009974043869781036 0.15578
0.0009107566638168202 0.21248000000000003
0.0013425471173550956 0.4709
0.0009107874266753159 0.21244000000000002
0.0009063766803284516 0.21839
0.0009006853568194368 0.22826
0.0008986800306040272 0.23288000000000003
0.0011227962610310016 0.41433000000000003
0.0008960906610827585 0.24126
0.0008957391835465603 0.2653
0.0009094485043422124 0.21414
0.0010878940798616503 0.1262
0.0009356923248278607 0.32342
0.0009450884196974213 0.33096
0.0008962678533756164 0.26774000000000003
0.0009989480147512863 0.36425
0.0013141538762621453 0.46487
0.0009778172123203145 0.35265
0.0009669089182702969 0.34603
0.0008984377670847387 0.23351999999999998
0.0008977483592066608 0.23544
0.000982236151959913 0.3552
0.0008958151741404101 0.26568
0.0009704503694130185 0.16814
0.0010371358230893148 0.14109000000000002
0.0014519360370226443 0.49178999999999995
0.0012693570026551227 0.45473
0.0009109741072631658 0.21220999999999998
0.0009589294179922456 0.17429
0.0009206412243762274 0.3092
0.0009631832805567566 0.34364
0.0009022521130556785 0.22518000000000002
0.0010768955095075154 0.39829000000000003
0.0010971204033106109 0.40563
0.001004423167363882 0.15292999999999998
0.0010859129700679102 0.40162
0.0009175491504691225 0.20483
0.0009416693501859084 0.18495999999999999
0.0010405201580906557 0.13998
0.0009805124581461345 0.35420999999999997
0.0011471042674180052 0.42202
0.0009096793320904585 0.2959
0.0011646914765428746 0.42728999999999995
0.0009071417374948041 0.29218
0.0011091269516461568 0.40978000000000003
0.0008946288663315771 0.25387
0.0009843462494936559 0.16146
0.000987780241517803 0.15992
0.0009961806954346755 0.36280999999999997
0.0009126818000989666 0.29993000000000003
0.0010477582602335946 0.13768
0.0008962208897284623 0.24070999999999998
0.0010159447724639417 0.37267
0.0009741170827155921 0.1663
0.0008954158817273913 0.26350999999999997
0.0009124028654429045 0.29957
0.0013836087466644572 0.47913999999999995
0.0012048085516386006 0.10135
0.0009374029566587784 0.18794
0.0008995438572339397 0.23076999999999998
0.0009164125042036994 0.20601
0.0011014420802038444 0.40714
0.0010602562898029922 0.39187
0.0011287935017751187 0.11631
0.0009012466937359309 0.2817
0.001060694750986299 0.13375
0.0009292101197521072 0.19421
0.001009102552239945 0.15109
0.0010560510778242294 0.13513
0.001033358998279321 0.14235
0.0011142996710528797 0.41152
0.00090820796812548 0.2158
0.0009951056386267548 0.15674000000000002
0.0008963568009236355 0.26811
0.0008970861951985141 0.27083
0.00089477314697234 0.25809
0.0009289218753648971 0.19445
0.0008980710941421329 0.27394
0.0009342932511919612 0.19022999999999998
0.000973831444908444 0.16644
0.0011067482690770248 0.40897
0.0009159296398431435 0.30391999999999997
0.0010827015406216771 0.12757000000000002
0.0009099466552746833 0.2135
0.0009831174361062975 0.16202
0.000992738649503073 0.15775
0.0009963170511558738 0.36288000000000004
0.0009768021363884326 0.16499
0.000898110042156276 0.27405
0.0009183559655061575 0.3067
0.0008986450709677937 0.23298000000000002
0.0009066717407311518 0.21796
0.0009212764428742839 0.20115999999999998
0.0009354285055635217 0.3232
0.0008954595985263203 0.26378
0.0009383643171205878 0.18725999999999998
0.0010226576237103617 0.14606
0.000933881706134821 0.32187
0.0008951549322929334 0.26178
0.0014328929023969933 0.48839
0.0012305477375913428 0.44525
0.0010379753882422081 0.38264000000000004
0.0009992178321032291 0.36439
0.0009016205720686877 0.28248
0.0008979651250145198 0.23481999999999997
0.0009260911934593469 0.31474
0.001015332126846756 0.37238000000000004
0.0009819456725862605 0.35503
0.0011446481185793068 0.42127
0.0008976989276112898 0.27282
0.0010589358439304227 0.13427
0.0012934814511365881 0.46029
0.0009177724063569489 0.30605
0.0011977092269042332 0.43662
0.0009649653216511029 0.17099
0.0010330124711054884 0.14247
0.0011269528421639858 0.11673
0.001023233129253489 0.14586
0.0008946580272388275 0.25586
0.0009511011914274235 0.17887999999999998
0.0008946388565642605 0.25511
0.0009472148355555176 0.33255999999999997
0.0010407170214889042 0.38382
0.0009027943865865987 0.22419
0.0008960062467960753 0.24163
0.0011621087137331475 0.42653
0.000953965776654822 0.33743
0.0012807828681508729 0.0895
0.000899296849341125 0.23135
0.0009144859231366279 0.2081
0.0009333478788997523 0.19095
0.000916170840417828 0.20626999999999998
0.0010067837978064759 0.152
0.0009463260707142202 0.33189
0.0008946292469664041 0.25378
0.0008967343921788534 0.26958000000000004
0.001240740687854673 0.44781000000000004
0.0011117640527144525 0.41067
0.0008962942461665678 0.26785
0.0009144591051075602 0.20813
0.0009233860387717091 0.19921
0.001130840112554009 0.41693
0.0009013961280155365 0.28201
0.0009006573610224327 0.28043
0.0009151086622069469 0.20740999999999998
0.0009056583671079162 0.28983000000000003
0.0011954995559929152 0.43601999999999996
0.0008948350040495785 0.24921999999999997
0.0010410732388780248 0.38397
0.001182750131887612 0.43248000000000003
0.000904326213022591 0.22157
0.0008946495688880328 0.25558000000000003
0.0008965928981888645 0.26904
0.0010814466707762783 0.12791
0.0009644871590197119 0.34448
0.0008966838004459001 0.26939
0.0009322239569280973 0.32042
0.0009006434551935581 0.22834000000000002
0.0009064010191077931 0.29103
0.0009745435309974576 0.16609000000000002
0.0010427141581787493 0.13928
0.0009369371848512934 0.18828
0.0009818218240191686 0.16262000000000001
0.000906413803374903 0.21834
0.0008959431720189015 0.24191999999999997
0.001089485311851524 0.40291
0.0010653987214666626 0.13238
0.0009124468855743382 0.21043
0.0012497256574804853 0.45002
0.0010072294556400998 0.36844
0.001192076733928316 0.43508
0.0010139052379366249 0.3717
0.0009775052469695946 0.16466
0.0009423946248346847 0.32888
0.0011295486615318494 0.41652
0.0009076294456821664 0.29291999999999996
0.0009043825930871392 0.28768
0.0009458457042885521 0.33153
0.0009217727454826106 0.31039
0.0011089159447859689 0.40971
0.0009307123532618273 0.31906
0.0010334639374627367 0.14232
0.000914417462361584 0.20817
0.0009769381890785 0.35213
0.000912238142029709 0.21068
0.0009014752406889509 0.22666
0.0009072148480120712 0.21718
0.0009534634456708469 0.17745999999999998
0.0009460208742140258 0.18207
0.000980513556803507 0.16323
0.001023018369689528 0.14593
0.0010052772881070805 0.15259
0.0009463282170968312 0.18187
0.0008958052937583954 0.24256999999999998
0.000902485582644695 0.22475
0.0009257098279521454 0.31437
0.001140804481959792 0.42007
0.0009760074804190232 0.16538
0.0010514838317956347 0.13652
0.0009574598230901604 0.33984000000000003
0.0009193536178260947 0.30781
0.001104594191946594 0.40823000000000004
0.0010792333445048521 0.39916
0.001106031068829107 0.40871999999999997
0.0010055568188800765 0.36761
0.0009528233975105423 0.17784
0.0009489599187561323 0.1802
0.001018194835872955 0.37373
0.0011469348288645203 0.11239
0.0009236597694595413 0.31233
0.0009656989642386008 0.34526
0.0009055749304771148 0.2196
0.000981449985081403 0.16279000000000002
0.0008958466627064777 0.26584
0.0011180859021842527 0.11875
0.0009867302312650684 0.35772
0.0013646260633589978 0.4754
0.0009133829827933605 0.20934
0.0009403029180206928 0.32721999999999996
0.0009026716297452872 0.28456
0.0010574965893610788 0.39077
0.0009214334945217193 0.31004
0.0008951677914513771 0.26187
0.0009353315152588698 0.32311
0.0010260667665790157 0.14486
0.0010495865024999467 0.13710999999999998
0.0009051746840660399 0.28903
0.0009554422246413473 0.33846
0.0012471312985689728 0.44938999999999996
0.000947577648806731 0.18107
0.0009974700987740704 0.15575
0.0011652212613034766 0.42745
0.0009102144987803873 0.29665
0.0011292422755101487 0.11621
0.001035033760627178 0.14179
0.0010073749117884973 0.15177000000000002
0.0009157072198149312 0.20676
0.0009032487566782554 0.22339
0.0010158843258150408 0.37264
0.0009919608300698818 0.36057
0.0010739271618098304 0.39716999999999997
0.0011485770205644844 0.42246999999999996
0.0009692098044151093 0.16877
0.0008958078997357103 0.24256
0.0008946294675718621 0.25373
0.0011041531874716763 0.40808
0.0009522097124558916 0.17820999999999998
0.000951802631193478 0.17845999999999998
0.0012465975279921365 0.44926000000000005
0.0010403536291483638 0.14004
0.0009289141223789581 0.19445
0.0008961935097883616 0.26742
0.0008960480221464253 0.26678
0.0008996770613409631 0.27817
0.0010428058673635355 0.13925
0.0010869058058353498 0.40198
0.0011939694054953812 0.4356
0.0009884410627559806 0.15962
0.0009133496795063028 0.20938
0.0009673297717024036 0.16974
0.0010358879419464656 0.38174
0.0008952016049638996 0.26211999999999996
0.0009261788315391766 0.19675
0.0009276433036932107 0.31622
0.0009158433205740839 0.20661
0.0011143962505853469 0.41155
0.0011635196319533456 0.42695
0.0009951162698810352 0.36225
0.0009863160077502682 0.35749000000000003
0.0009725537163293376 0.34951
0.0009065467469444698 0.21814
0.001141717573525488 0.42036
0.0010446553423024642 0.38549
0.00089513462935784 0.2465
0.0011619896160191135 0.4265
0.000895136589340894 0.26164
0.0011389912431248794 0.11408
0.0009842197571268655 0.35631999999999997
0.0009843620149481834 0.3564
0.00094682529513937 0.18155
0.0010005293744962318 0.36507
0.0009217535636572214 0.20071
0.0011558183014452198 0.42466000000000004
0.0009486251700150986 0.3336
0.0011373274513779496 0.41899
0.0009399934677831544 0.32697
0.001090200479485356 0.40317
0.0010516760174239174 0.13646
0.0009091250867955901 0.29512
0.0009353071651780192 0.18947
0.0009024518940515199 0.22480999999999998
0.0009975938298054676 0.1557
0.000990633249328578 0.15866
0.0009735752137786979 0.35013
0.0009718817118711747 0.34911
0.0009508985386427727 0.17901
0.0009893282126869688 0.35915
0.0009874929023061297 0.35814
0.000895470752513069 0.26384
0.000999565786130259 0.15489
0.0009453307499709568 0.18252000000000002
0.0008959711943367804 0.24179
0.0010099913056290464 0.15075
0.001030145348915324 0.37921
0.0009262246032538362 0.19671
0.0012200372792651624 0.44255
0.0009099000220836555 0.21356
0.0012666100549867806 0.45408999999999994
0.0008946956523736573 0.25129
0.0010400298966663543 0.38353000000000004
0.0009252259741821381 0.19757
0.0009993056362398993 0.155
0.0009069616277550399 0.21754
0.001183862128808223 0.43278999999999995
0.0009752355079345874 0.16576
0.0010741126420267255 0.39724
0.0009246519367803883 0.31332
0.0010596265153172196 0.13405999999999998
0.000900835593204816 0.28081999999999996
0.0009073205549446727 0.21703000000000003
0.0009270332788206451 0.31564000000000003
0.000915456222790773 0.30336
0.0009802974140855174 0.35409
0.0011261534413689901 0.41541999999999996
0.0011861363785015478 0.43343000000000004
0.0011289997360833513 0.11627
0.0011454113345037943 0.4215
0.0009024648434713496 0.28415999999999997
0.0009116742142045786 0.21135
0.0009144195960865047 0.20817
0.0008988166216979886 0.23254
0.0011012921310274834 0.40709
0.0010931912454592671 0.40424
0.0008973122496413706 0.23678000000000002
0.0010237777230595736 0.37633
0.0012854965470796259 0.45848
0.001089648085076307 0.12574000000000002
0.0009880424522006783 0.1598
0.00101727663692926 0.3733
0.0010707624511447202 0.13085
0.0011443377762759823 0.42117
0.0009326483511983533 0.32079
0.001368796065561459 0.47623000000000004
0.000983915830313548 0.35615
0.001230500425707021 0.44523999999999997
0.0009127003657660791 0.29995
0.0009462709445144366 0.18191
0.0010810530610634156 0.39983
0.0008948530989711644 0.25909
0.0009754209631374757 0.35123000000000004
0.0010104108837988648 0.15059
0.0010569621266798244 0.13485999999999998
0.0011679974120713697 0.42826000000000003
0.0009111860937381636 0.21195
0.0011649321225901787 0.42736
0.0009615447076000112 0.17284000000000002
0.0009411530384817252 0.3279
0.0009057804502285976 0.29003
0.0009437584992423575 0.32994
0.0011001977490910381 0.40671
0.0008966294270773102 0.26918000000000003
0.0011581282866610504 0.42535
0.0008952512072874018 0.24568
0.001182325855755798 0.43236
0.0009437436332372686 0.32993
0.0010355561258717037 0.38159
0.0009189575814531951 0.30737
0.000957804355472291 0.17493
0.0009000601815958131 0.2296
0.0010890038479739773 0.40274
0.0008958030209495691 0.24258000000000002
0.0010464210906892114 0.1381
0.001037869819640078 0.3826
0.001058429689419884 0.13442
0.0010408888098521643 0.13985999999999998
0.000983558397334107 0.35595
0.000912124632535215 0.21081
0.001140386191860639 0.41994
0.0009163557754499234 0.20606999999999998
0.0009217153500904838 0.20074
0.001093198752524368 0.40424
0.001374985772964719 0.47746000000000005
0.0010220209066321966 0.37551999999999996
0.0009830723797018214 0.35567
0.0010243042172727822 0.37656999999999996
0.0009457175884223055 0.33143
0.0009327177933964486 0.32085
0.0009356862503420552 0.32341
0.0009011466577499161 0.22730999999999998
0.0009338206722595064 0.19059
0.0009802398360610031 0.35405
0.0008954325202611695 0.24455
0.0012178800166160295 0.44198999999999994
0.00111641478736079 0.41223000000000004
0.0010704437092584488 0.39584
0.0011354148942781942 0.41838000000000003
0.0010728185309306938 0.13027
0.0010787944543162596 0.399
0.0009201905653987904 0.20219
0.0010361399651476514 0.38185
0.0010574358335028885 0.13471
0.0009273487890780572 0.19575
0.0009049738616738051 0.28869
0.0009305116386106462 0.19316
0.0009954388148004673 0.36241999999999996
0.0010063147202322314 0.15217999999999998
0.0010048442685250685 0.36725
0.0010734114600857657 0.39697
0.000895236743163977 0.24578000000000003
0.0011268731431682787 0.41566000000000003
0.0008962132211271246 0.26750999999999997
0.0008980825910920113 0.27397
0.0008997670618882579 0.27839
0.0010480892689285453 0.13757
0.001108937061881779 0.12092
0.0010105289276095021 0.15055
0.0009117212575650437 0.29868
0.0009111382048741301 0.2979
0.001012539632740503 0.14978
0.0010896466133184467 0.40297
0.0013705094407960425 0.47657
0.0011433839848115437 0.11314
0.0009024516416511497 0.22480999999999998
0.0010935933578248402 0.12472000000000001
0.0008955883575237789 0.26450999999999997
0.0009110067032264395 0.21216999999999997
0.001377006937265688 0.47785
0.0011587855209509218 0.42555
0.0010167543089043716 0.14820999999999998
0.001024530499855436 0.1454
0.0008968206642829481 0.23842
0.0010255359880390457 0.14504
0.0009139239114446963 0.30149000000000004
0.0008946390422103837 0.25295
0.0010269502076560863 0.37777
0.0009862016856019256 0.35743
0.0010011755337592315 0.3654
0.0012647660183340377 0.45365
0.0008946286761648504 0.25401999999999997
0.0009776196700780851 0.1646
0.000895879739963353 0.266
0.0009742983652506286 0.35057
0.0008973575759258843 0.23663
0.0009046074455014862 0.22111999999999998
0.0009254203438647289 0.31408
0.0009269652863801388 0.19608
0.0011681829820975908 0.42831
0.0009520524921899402 0.33608000000000005
0.0009112398077013685 0.29804
0.0009762064963780412 0.3517
0.0011742273478744123 0.43006000000000005
0.0009707842590886729 0.16797
0.0009307031994915052 0.19301
0.0009394479270612926 0.32653000000000004
0.0008946708029167904 0.25622
0.0011382833806358522 0.41928999999999994
0.0008950004432250178 0.26054
0.0009301642520700606 0.19344
0.0009013403754107744 0.2819
0.000897854739407832 0.2733
0.0012744993698248475 0.45593999999999996
0.000983094613236045 0.35568
0.0010126885483561837 0.14972
0.0009382213014954119 0.32553000000000004
0.0009340915909811841 0.32205
0.0009151653673028972 0.20735
0.0011096905690565035 0.12074000000000001
0.0009088613635187351 0.29474
0.000988166206287154 0.35851
0.0009350918791144205 0.32291
0.0009155899216025218 0.20689000000000002
0.0013358258259909825 0.4695
0.0008946466567151644 0.25261
0.0009097697975064949 0.29603
0.0009846750206404893 0.35657
0.0009280640225620156 0.31661999999999996
0.0011418932238404424 0.42041000000000006
0.0009256534135310097 0.31431
0.0009829074136828968 0.35558
0.0009089839829336958 0.29491999999999996
0.0014990644154257188 0.49983999999999995
0.0008985773842707807 0.23315
0.001110900270687829 0.41038
0.0009000619749192794 0.27908
0.0009856003561104726 0.16089
0.0008979488372795845 0.23485999999999999
0.000915527129363076 0.30344
0.0011227488513509544 0.41431999999999997
0.0008947685936696612 0.25006999999999996
0.0009551722139582552 0.17645
0.0010368773411510135 0.14118
0.0009813499609996447 0.35469
0.0008946871149122988 0.25146999999999997
0.0013186911225101395 0.46585
0.0011342496642359197 0.11510999999999999
0.0009200042215959121 0.30851
0.0008950730591882461 0.24697
0.0011013092362382449 0.12278
0.0013576074479752524 0.47398
0.000919639397730884 0.20273
0.0009038860656541244 0.2868
0.0009303073367097856 0.3187
0.0009470402492399746 0.18142
0.0009505867013758227 0.1792
0.0009281543369898902 0.31671
0.001037267407313365 0.14105
0.001030072728582179 0.14347000000000001
0.0010394468207696752 0.14032999999999998
0.0008979439426713306 0.23488
0.0009192900166999699 0.20307
0.0011371298955739093 0.41891999999999996
0.0009417651446402092 0.32838
0.000959628021983633 0.3413
0.0008998254926493065 0.27853
0.0010509825183995403 0.38811999999999997
0.0009903997928493121 0.15875999999999998
0.0010186328731743265 0.37394
0.0010814689135023963 0.1279
0.0012221567600652062 0.4431
0.0011294776735886808 0.11615999999999999
0.000969966553465395 0.34793
0.0008963366203462141 0.24024
0.0011072182468541416 0.12133
0.0009548967428380195 0.33808
0.0008947333951948686 0.25748000000000004
0.0009524921887035365 0.17804
0.00089750542302155 0.27221999999999996
0.0008964572374351333 0.23976
0.0009510583915576006 0.17890999999999999
0.0009341376568364544 0.19035
0.0010244529122830047 0.37664000000000003
0.00109901491099619 0.40629
0.0014311164340014481 0.48807
0.000899208550650416 0.27702
0.0009270600332598881 0.31567
0.0012902389255126836 0.45956
0.000906635554203089 0.21800999999999998
0.0010140908444290484 0.1492
0.0009196053981201781 0.20276
0.0010611199951300401 0.13362000000000002
0.0009771333304281332 0.35225
0.0010425612939664707 0.13932999999999998
0.001081781752685801 0.4001
0.0010123215481218737 0.37093000000000004
0.001027952832640034 0.1442
0.0009386424284240392 0.32587
0.0009298631785110776 0.31829
0.0009807346227602408 0.16313
0.0009468790833911612 0.33231
0.0009284917331471059 0.1948
0.0009311062864992242 0.31942
0.0009749328865209162 0.35094000000000003
0.0010395971807182207 0.38334
0.0008967658409636088 0.26969
0.0010486251084349837 0.13741
0.0008949204868562765 0.2598
0.001119194942178019 0.41315
0.0010085873617961527 0.15129
0.0009208566777021613 0.30943000000000004
0.0009794638218555344 0.16372
0.0009561137359016522 0.1759
0.000898555545535942 0.2753
0.0011205096232261328 0.11819
0.00089525019256257 0.24569000000000002
0.0009017244816092796 0.28269
0.0009097445232635724 0.296
0.0010643412965198281 0.39348
0.0009013399442958735 0.2819
0.0008961072556159947 0.24119000000000002
0.0009049967057908946 0.2205
0.0009864700534976528 0.1605
0.0008960398612513506 0.26674000000000003
0.0011057474732799992 0.12169
0.0008951512603572788 0.24638000000000002
0.0009422942746667164 0.3288
0.000912144606370363 0.21079
0.0010751726468820606 0.39764
0.0008951765303809713 0.26194
0.0011136684576589664 0.41131
0.0012305374190121478 0.44523999999999997
0.0009030458255751068 0.28526999999999997
0.0009702460238129891 0.3481
0.0009358335085537526 0.18909
0.0008977675422375445 0.27303
0.0012688097975976852 0.45461
0.0008957808080594354 0.24269000000000002
0.001004095979031072 0.15306
0.0008968509343956463 0.27
0.0009334497496480999 0.19087
0.0008964227256400343 0.26837
0.0010978417258969931 0.40588
0.000966091179194552 0.17039
0.0009640786698906364 0.34421999999999997
0.0009117683824470613 0.29874
0.0011849186873060253 0.10492
0.0010730507873403785 0.39683
0.0009346712848635892 0.32255
0.000966863772056495 0.16999
0.0008947468051135229 0.25039
0.0010625248390151198 0.39276
0.0010093030494500907 0.36946
0.000901341913772195 0.22691999999999998
0.0011001343745978428 0.40668000000000004
0.000930015517730586 0.19355999999999998
0.0009774232405070997 0.1647
0.0009225232771960156 0.31117
0.0008951895471577955 0.2461
0.0010143431715654862 0.1491
0.0008947542318625658 0.25781
0.001065863252971194 0.39407
0.0008970912287399866 0.2375
0.0009006815736769324 0.22826
0.0010844430100517373 0.12711
0.0010716210555733014 0.13061
0.0010087070093662766 0.36917
0.0008949250011310771 0.25984
0.0010425786431391422 0.38461
0.0010273882785606118 0.37797
0.0009744722336943127 0.16613
0.0009051606914415755 0.28901
0.0010088173642328598 0.36923
0.0008954165326943162 0.24464
0.0010364804464661685 0.382
0.0010632754427568095 0.13299
0.0009443912303536014 0.33042
0.0010903870919627776 0.40324
0.0010805385301756953 0.12815
0.0009062187296836378 0.21863000000000002
0.000894928562613316 0.25988
0.0009591167510538883 0.17419
0.0009885452602590248 0.35872
0.0009179224849732609 0.20444
0.0009210372922426658 0.30962
0.0011068468553054503 0.409
0.0009016769421879078 0.22626
0.0009278243400060353 0.3164
0.0009010830019244872 0.22744
0.0009232554493818344 0.19933
0.0009654214213257143 0.34508
0.0009295714582317245 0.19392
0.0009471537352273295 0.18134
0.0008946372550650756 0.25501999999999997
0.0009472101793337626 0.18131
0.0009355436843662552 0.32329
0.0014239608723549814 0.48676
0.0009739897132010072 0.16637000000000002
0.0013621723475091814 0.47491000000000005
0.000902790549648911 0.28479
0.0008962331456876929 0.26759
0.0008999021751968878 0.22995
0.0009517612266833137 0.33588
0.0009158597609547357 0.2066
0.0009227040665331944 0.19983
0.0009228713713617585 0.31153000000000003
0.0010944045462445288 0.12452
0.0011065758375825528 0.12149000000000001
