0.0010342970230078966 0.26594
0.0009938554389400888 0.29816
0.00099266253752211 0.29945
0.000972514832806633 0.3311
0.0010215798127144599 0.27443
0.0010203733715585905 0.2753
0.0009818115138294499 0.31314000000000003
0.0010117482027525288 0.28181999999999996
0.000993418249877143 0.29863
0.0009996935299839771 0.29229
0.000998086143297124 0.29384
0.0009983219041396862 0.29361
0.0010029645400038275 0.28926
0.001002023614364101 0.29011
0.0010019601369049063 0.29017
0.0009913646377687395 0.30088000000000004
0.00100624096360396 0.28638
0.0010050914046026334 0.28736999999999996
0.000998620783066691 0.29331999999999997
0.001012162382344146 0.28149
0.0010173492880448005 0.27751
0.0010140399645779032 0.28002
0.000992706699062735 0.2994
0.0010122952616331195 0.28139000000000003
0.0009863791363807497 0.30685
0.001003211586617712 0.28904
0.0010120911796559864 0.28155
0.001005304410799787 0.28718
0.0009850331363850091 0.30861
0.0009947356332826 0.29723
0.0010179864572034685 0.27704
0.0009870078613712042 0.30605
0.0009872991670540256 0.30569
0.001000539664745634 0.29149
0.001004899895239256 0.28754
0.0010004166071648423 0.29161
0.0010032595675112338 0.28899
0.0010008603291067305 0.29119
0.0010103242609381783 0.28297
0.000996353436144952 0.29557
0.0010100285112658795 0.28321
0.0010209474691200463 0.27488
0.000995157052169317 0.29679
0.000993948325359665 0.29806
0.0010066998646701482 0.28598
0.0009783306953646625 0.31873
0.0010213638531551008 0.27459
0.0009860717077879808 0.30725
0.001005724279100192 0.28681999999999996
0.0010068233163488067 0.28588
0.0009940857307971802 0.29791
0.0010024559936115277 0.28972
0.0009937564649702625 0.29825999999999997
0.000993819757049767 0.2982
0.0010089631782079869 0.28408
0.0010024236443812622 0.28975
0.0010008895014565968 0.29116
0.0009957155433034414 0.29622
0.0009897869780528725 0.30269
0.000983920002690202 0.31012
0.001001705025230916 0.29041
0.0010040228240796492 0.28831
0.0009919691444301327 0.30021
0.0009874394049869477 0.30551
0.0010107149984426088 0.28265
0.001000791881877996 0.29125
0.0010018519468890992 0.29027
0.001007905766953633 0.28496
0.0009705004217667606 0.3375
0.0010077342601916277 0.28511
0.0009799164785817256 0.31608
0.001030199238924495 0.26857
0.000981208256820706 0.31405
0.0010002422424817614 0.29177
0.000990901713944304 0.30141
0.0010020993378879758 0.29004
0.0009950255724305928 0.29693
0.0010108723810558274 0.28252
0.000996173096429693 0.29575
0.001010613902567897 0.28273000000000004
0.0010171199109425563 0.27768000000000004
0.0009743799494421362 0.3265
0.0009712828196894518 0.33475
0.0009949945041607033 0.29696
0.0010290266753851783 0.26934
0.0009898639620447931 0.3026
0.0010508241953980327 0.25623
0.001016000446445951 0.27852
0.0010081876719697587 0.28473000000000004
0.0009848306144813776 0.30888000000000004
0.0009878351670968757 0.30503
0.0010315859909545665 0.26766999999999996
0.0010150643402986766 0.27923000000000003
0.0009988510009237013 0.2931
0.0009802307256178522 0.31556999999999996
0.0009870703646857432 0.30596999999999996
0.0010463316051339542 0.25875
0.0009915571370255076 0.30067
0.001010743970612769 0.28263
0.0009916361742350595 0.30058
0.0010123035769652943 0.28138
0.0009817639968595126 0.31321
0.0009984392267142032 0.2935
0.0009866813959729917 0.30646999999999996
0.0009780210412668946 0.31928
0.0009868506776094855 0.30625
0.000987064066519878 0.30598000000000003
0.0009872287781770128 0.30578
0.0010020049572359957 0.29013
0.0009709006982611147 0.33604
0.001025304307943291 0.27184
0.0010094171865406166 0.28371
0.0010011835125064807 0.29089
0.0009785912809574626 0.31828
0.0009755951833255744 0.32389
0.0009916607396055265 0.30055
0.0009890753522896645 0.30353
0.0009904998652328452 0.30186
0.0010078368083653647 0.28502
0.0009769286964717557 0.32127
0.0009946377710216825 0.29733000000000004
0.0010420021167406336 0.26126
0.001020366494863887 0.2753
0.000977273340274473 0.32063
0.0010135322395865018 0.28042
0.0010196514163327989 0.27581999999999995
0.0010096119410921596 0.28355
0.000988833835189522 0.30382
0.0010062853718115217 0.28634
0.0009796652733530347 0.31648000000000004
0.0009772222728186 0.32072
0.0010338748369870066 0.26621
0.0009795397602977616 0.31669
0.000977435755841916 0.32033
0.0010417878939062517 0.26138
0.0009764077890300339 0.32226
0.0010112989266302047 0.28218000000000004
0.0010080036939171856 0.28488
0.0010036723105525613 0.28862
0.0009888193402813558 0.30383000000000004
0.001009354359712903 0.28376
0.0010055213287550665 0.287
0.0010199711078774465 0.27559
0.0009938686583904498 0.29815
0.0009935902245473526 0.29844
0.0009946882284512472 0.29728000000000004
0.0010092031249884623 0.28388
0.0009843756949990332 0.30949
0.0010097901363230212 0.2834
0.001019453359290463 0.27596
0.0009990447291510446 0.29291
0.0010050422068821393 0.28741
0.0010162332400750103 0.27835
0.0010217560913432244 0.27431
0.0009915117334219853 0.30072
0.0009978995934571218 0.29403
0.0010071622687863227 0.28559
0.0010114391357220697 0.28207
0.0009903036378899467 0.30209
0.000993178786943351 0.29888000000000003
0.0009948352922275346 0.29713
0.0009756145398493165 0.32385
0.0010240858675794212 0.27268000000000003
0.001005043839248028 0.28741
0.0010176806981663721 0.27726
0.001021246067036487 0.27466999999999997
0.001012808593743476 0.28098
0.000987874748791464 0.30498000000000003
0.000999630456489327 0.29235
0.0009864824122219492 0.30672
0.0009868243072062744 0.30628
0.0009933166925455159 0.29874
0.0009787167843358022 0.31806999999999996
0.00100269167400272 0.28951
0.0010250571687344333 0.27201
0.0010268088119380924 0.27082
0.0010014359935724647 0.29065
0.0010003287941149194 0.29169
0.0009990019218119013 0.29295
0.0009917741304988185 0.30041999999999996
0.0010064676734776452 0.28618000000000005
0.0009837357931501963 0.31037
0.0009948600008545686 0.2971
0.0009950238505056317 0.29693
0.0009844832488038878 0.30935
0.0009822382259988816 0.31251
0.0010180266965500585 0.27701
0.0010032647824297601 0.28899
0.0009952190473499667 0.29673
0.0009988194527917485 0.29313
0.001013416768721703 0.28051
0.0010093840781454182 0.28373000000000004
0.0009842717269724608 0.30963
0.000990494622042493 0.30186999999999997
0.0009993139399276406 0.29265
0.0009727671152108611 0.33042
0.0010072185997351342 0.28554
0.0010075763514188591 0.28524
0.0010053445437001069 0.28715
0.000986421671437544 0.3068
0.0009783538683951446 0.31869000000000003
0.001024842263581356 0.27215
0.0010010268632530386 0.29103
0.0009963620966210941 0.29556
0.0010091534326058882 0.28392
0.0010007881849098486 0.29125999999999996
0.001042897435750975 0.26073
0.0009832363774191681 0.31106999999999996
0.0009960819011965826 0.29584
0.0010389533302921242 0.26306999999999997
0.0009938671246913357 0.29815
0.0009809321577750353 0.31446999999999997
0.0010202448527718237 0.27539
0.00101097496698858 0.28244
0.0009943647042716369 0.29762
0.0009983346645998014 0.2936
0.000985935939270205 0.30741999999999997
0.0009968112403022475 0.29511
0.0010129275665197986 0.28089000000000003
0.0009761916285319935 0.32269000000000003
0.001007672765175628 0.28515999999999997
0.000985804574516222 0.30759000000000003
0.001011826797669289 0.28176
0.0009799104538366723 0.31609
0.0009926382662545294 0.29946999999999996
0.0010022079449606494 0.28995
0.0009981052467026405 0.29381999999999997
0.0010012942196635031 0.29079
0.0010176957892495501 0.27725
0.001020769277304573 0.27501
0.0010116386023710764 0.28191
0.0009847697395481076 0.30896
0.0010053656506103794 0.28713
0.000991996678342309 0.30018
0.0009955326657648928 0.29641
0.0010135839453405092 0.28038
0.001007604416803412 0.28522
0.0009792539793850876 0.31716
0.000987435773670154 0.30551999999999996
0.0009956534576150004 0.29628000000000004
0.0009854789124932473 0.30801999999999996
0.0009942743414445654 0.29772
0.0010143104804123371 0.27981
0.000978548648182613 0.31835
0.000989950989555395 0.3025
0.000993862668558255 0.29815
0.0010107150221605834 0.28265
0.000989194376486556 0.30339
0.0009915886557471721 0.30063
0.001002562307820154 0.28962
0.000987264442041674 0.30573
0.0009871815750433165 0.30584
0.0010240013065484412 0.27273000000000003
0.0010027048794120398 0.28949
0.0009852919799400056 0.30826
0.0010172258109404733 0.2776
0.0010590077506952822 0.25184
0.0010150484124453523 0.27925
0.0009997721298340761 0.29220999999999997
0.0010000790922263351 0.29191999999999996
0.0009728238565755062 0.33027
0.0009881815303578842 0.3046
0.000994058663275258 0.29794
0.0010163926605366122 0.27823000000000003
0.0010112177255823882 0.28225
0.0009909744201623137 0.30132
0.0010037217596835866 0.28858
0.0009945168546996437 0.29746
0.000987419476006169 0.30554000000000003
0.0010226484135400307 0.27368000000000003
0.0010245356753638656 0.27236
0.0010087165883074225 0.28429
0.0009970380533965584 0.29488000000000003
0.0009952844693035963 0.29666
0.0009930936999425644 0.29898
0.000997409052233239 0.29451
0.0009936791696087703 0.29835
0.0010000651536469824 0.29194000000000003
0.001018478157572209 0.27666999999999997
0.0010015491045936558 0.29055
0.0010069003117253554 0.28581
0.0010144557615456486 0.2797
0.0010072455951544135 0.28552
0.0010109123966944805 0.28249
0.0010102674004144286 0.28301
0.0009918073307300147 0.30039
0.001005804808454966 0.28675
0.0010027818501218947 0.28941999999999996
0.0010040164004931338 0.28831999999999997
0.001018244983317092 0.27685
0.0009816482053276966 0.31338
0.0010232342454271452 0.27326999999999996
0.0009821719756238326 0.31261
0.000999265286771845 0.2927
0.0010295266793219782 0.26900999999999997
0.000987489420882696 0.30545
0.000993780026975529 0.29824
0.0009791975194104942 0.31726
0.0009801539814620912 0.3157
0.0010137243037607426 0.28026999999999996
0.0009986090948487746 0.29333000000000004
0.0010079227848850728 0.28495
0.0010272055973363195 0.27055
0.0009830782504410324 0.3113
0.0010131948035814145 0.28068000000000004
0.0009855923622071167 0.30787
0.0010156704520028514 0.27876999999999996
0.001015618758582191 0.27881
0.0010029631087663643 0.28926
0.0009892733231883165 0.30329
0.0009973157375619125 0.2946
0.0009987531900833527 0.29319
0.0010103805011894545 0.28292
0.0009740274113487306 0.32731
0.0009997825279839142 0.29220999999999997
0.0010232365751014889 0.27326999999999996
0.0009834214261959895 0.31081
0.000978411909884289 0.31859
0.001005009823118503 0.28744000000000003
0.0009802001243074479 0.31561999999999996
0.0010051637284868914 0.28731
0.0009829139865792592 0.31153000000000003
0.0010078426782794794 0.28502
0.0009871405949369416 0.30589
0.000997655631318407 0.29427
0.0010154362834902365 0.27895
0.0010200465847343852 0.27553
0.000996089158707087 0.29584
0.0009944012521526497 0.29758
0.0009841707001644912 0.30977
0.0009999226135525671 0.29207
0.0010204331628650342 0.27525
0.0009926637139336535 0.29944
0.0010025550203301295 0.28963
0.0010214708088875063 0.27451
0.000984261570935708 0.30965
0.0009982655868524283 0.29367
0.0009998156777432606 0.29217
0.0009894658123886632 0.30307
0.0009965241719779088 0.2954
0.0009925834154970808 0.29953
0.0009811574715138597 0.31413
0.0009861677866469473 0.30712
0.000993311588816855 0.29874
0.000980588024383133 0.31501
0.000987517843365075 0.30541999999999997
0.0009974336500498952 0.29449000000000003
0.0010031164327597576 0.28912
0.0009853238124979105 0.30822
0.0010063356275434297 0.28629
0.000997940035639831 0.29399000000000003
0.0010121477312768341 0.2815
0.0009972939714816876 0.29462
0.0010025192640602393 0.28966
0.001027412837978447 0.27041
0.0009982759195406564 0.29366
0.0010041399286385428 0.28820999999999997
0.0010185177028359884 0.27665
0.0009842568578895259 0.30965
0.00100648644900588 0.28615999999999997
0.0009965847150492774 0.29533000000000004
0.0010175142089893438 0.27739
0.0010345214775868065 0.2658
0.0009963484696010566 0.29557
0.001003412034052407 0.28886
0.0010034462095667215 0.28883000000000003
0.0009862020185151695 0.30708
0.0010053673389506881 0.28713
0.0009865771579409956 0.3066
0.0010081637555230788 0.28475
0.0009885531502260136 0.30415
0.001022479736427275 0.2738
0.0010049187265521672 0.28752
0.0010527292561387774 0.25518
0.0009948108006674048 0.29715
0.0009741605735457058 0.327
0.0009774666468910986 0.32027
0.0009859763605810968 0.30737
0.0009812220553691365 0.31403000000000003
0.0009876823007655214 0.30521
0.0010072033115081508 0.28555
0.0010176753800272202 0.27726999999999996
0.000983261234805339 0.31104
0.0009919845789495838 0.30019
0.0010010424068751733 0.29102
0.0009896521768489755 0.30285
0.0009927541205915422 0.29935
0.0010012667965617046 0.29081
0.0010051528265672715 0.28731999999999996
0.0009819516305160855 0.31293000000000004
0.0009951591382126252 0.29679
0.0009989528988454445 0.293
0.001011511921822218 0.28201
0.0009841347716072328 0.30982
0.0009828152719892041 0.31167
0.0010004027262676038 0.29162
0.0010166552181366984 0.27803
0.0009843154822716156 0.30956999999999996
0.0009985447143988485 0.29339
0.0009975192988820655 0.2944
0.0010030975132159807 0.28914
0.0009875557970578824 0.30537
0.0010075673465577248 0.28525
0.0009799781394338044 0.31598000000000004
0.000993048582852176 0.29903
0.000994516566099328 0.29746
0.0010009245811001056 0.29113
0.001011720835245663 0.28184000000000003
0.0010086865882951122 0.28431
0.000992702165893673 0.2994
0.0010038802039133514 0.28844000000000003
0.0009831601298229248 0.31118
0.0010114011547061555 0.2821
0.0010153229794996037 0.27904
0.0009732782584367716 0.32911
0.0010095079335988777 0.28363
0.001026193987767975 0.27123
0.0010235351369666083 0.27305999999999997
0.0009936425701174447 0.29839
0.0010253957978485185 0.27176999999999996
0.0009722275673384886 0.3319
0.000988891169503534 0.30375
0.001001028973204065 0.29103
0.000997562255929065 0.29436
0.000991265658486087 0.30099000000000004
0.0010006950102694444 0.29134
0.0009835358699776132 0.31065
0.0009970769296237085 0.29484
0.0010101301966745698 0.28312
0.0010047008773343303 0.28770999999999997
0.0010041608697127368 0.28819
0.000996015970729576 0.29591
0.0009819901282043597 0.31288
0.0009988004526068578 0.29315
0.000985908744240451 0.30746
0.0009792597329862545 0.31715
0.0010063783170516749 0.28626
0.0009907515949133918 0.30158
0.0009984175149007047 0.29352
0.0010019621555891662 0.29017
0.0010077955618586984 0.28505
0.0009956948101884494 0.29624
0.0009936119382582891 0.29841999999999996
0.0009873297264310504 0.30565
0.0010209475721509281 0.27488
0.0010083228095894082 0.28461
0.0010124137416448002 0.28129
0.001010467421305067 0.28285
0.0009815812191262016 0.31349
0.0010061634756525135 0.28644000000000003
0.0009768730620724245 0.32137
0.0010104536005566124 0.28286
0.0010266108522343246 0.27095
0.0010053975839222407 0.2871
0.001032141361941687 0.26731
0.0010034471081933458 0.28881999999999997
0.0009837204153641402 0.31039
0.0010125295409561122 0.2812
0.0010094063939134236 0.28371999999999997
0.0009948699032038641 0.29709
0.0009777336558806702 0.31979
0.0010102963532307215 0.28299
0.0010044770109611922 0.28791
0.0009981127309569829 0.29381999999999997
0.0009914062886194383 0.30084
0.000978195782591413 0.31897
0.0009893042186016063 0.30326
0.0010090793287350673 0.28399
0.0010220235775384463 0.27412
0.0009952200383818203 0.29673
0.0009885162524574385 0.3042
0.000986979139473113 0.30609000000000003
0.0010307089336462564 0.26824000000000003
0.0010270039640028913 0.27068000000000003
0.0009992741886020971 0.29269
0.0009802176444907195 0.31559
0.0010079320908696137 0.28494
0.00099551049154576 0.29643
0.000991495200855179 0.30074
0.0009877069517104408 0.30518
0.000982611366094315 0.31196999999999997
0.0010180702232079376 0.27698
0.0010017458436755754 0.29036999999999996
0.0009937238398525158 0.2983
0.0009874168391366173 0.30554000000000003
0.000999993646420028 0.292
0.0009929889201920272 0.29909
0.001018914957850114 0.27635
0.00101081233871834 0.28257
0.001007384002439179 0.2854
0.00098958809923015 0.30291999999999997
0.0010080463968972404 0.28484
0.0009947559586381714 0.29721
0.001031011813510972 0.26804
0.001010374500162376 0.28293
0.0009853276257790057 0.30822
0.0010066790328883818 0.286
0.001014207068335091 0.27989
0.0009912487200572982 0.30101
0.0009998108252353873 0.29218
0.0010002745332709374 0.29174
0.0010003027242658836 0.29170999999999997
0.0009880397262796588 0.30478
0.001000658683819443 0.29138000000000003
0.0009886261226545708 0.30406
0.0010094530638670495 0.28368000000000004
0.00100563211541474 0.2869
0.0009954964911099292 0.29644000000000004
0.0009903243340048983 0.30207
0.0009984865962532096 0.29345
0.0009947743284941673 0.29719
0.0009974787020581614 0.29444000000000004
0.0009707527377556409 0.33655999999999997
0.0010168119415799649 0.27791
0.00100066397273805 0.29136999999999996
0.0010108398371484262 0.28255
0.0009977997732299592 0.29412
0.0009742235320556146 0.32685
0.0010147995812910542 0.27944
0.0009845424211660642 0.30927
0.0009949511850825387 0.29701
0.0009971969852678826 0.29472
0.0009762114489793201 0.32265
0.000993082585699635 0.29899000000000003
0.0009781678321916015 0.31901999999999997
0.0009811037977371863 0.31421
0.0009930901986002722 0.29898
0.0009810284982906983 0.31433
0.0009883647348249956 0.30438000000000004
0.000977406098127416 0.32038
0.0009927750294092905 0.29932
0.000982322907327429 0.31239
0.001013892273888109 0.28014
0.000992894657560689 0.29919
0.0010168702217668063 0.27787
0.001023212170064531 0.27328
0.0009922023750391575 0.29995
0.0009995722353128066 0.29241
0.0010006148002534813 0.29141999999999996
0.0010173974960616479 0.27747
0.000981820287772383 0.31313
0.0009818870542505605 0.31303000000000003
0.0009805498917619248 0.31506999999999996
0.001004603436114899 0.2878
0.0009761012660844097 0.32287
0.000992021644261932 0.30015
0.0009734590178653104 0.32866
0.0010080219104601934 0.28486
0.001022671828493854 0.27366
0.0009856667561962036 0.30777
0.0010135176291243627 0.28043
0.0009844585754692 0.30938000000000004
0.0009932073247899589 0.29885
0.001005158810517408 0.28731
0.0010103982238293579 0.28291
0.0010246296345948717 0.2723
0.001001825409131859 0.2903
0.0010380487312921423 0.26361999999999997
0.0009985737275536688 0.29336999999999996
0.0009974860060558961 0.29443
0.0010115139112859331 0.28201
0.0010045845444634602 0.28781
0.0009898285275803831 0.30264
0.001012118505229473 0.28153
0.0009999373173686546 0.29206
0.0010204898647629692 0.27521
0.0010129585600306317 0.28086
0.0009967886021595305 0.29513
0.0010186996011067987 0.27651
0.000990558311635253 0.3018
0.0010001609689518143 0.29185
0.001013856167351169 0.28015999999999996
0.0010017303634278693 0.29038
0.0009944704623411934 0.29751
0.0010361915341832526 0.26476
0.0009980810027581664 0.29385
0.0010270567598350143 0.27065
0.0010044083174450087 0.28797
0.001000897903501687 0.29115
0.001010836906555476 0.28255
0.0010138776129541198 0.28015
0.000989900238592176 0.30256
0.0010087426120487157 0.28426
0.000993839628727919 0.29818
0.0009938926334679629 0.29812
0.0009724550303053055 0.33126
0.0009955768493157982 0.29636
0.0009869247422033402 0.30616
0.0009911650918068258 0.30111
0.000993480044498599 0.29856
0.0009966103025695805 0.29531
0.0009821111022085128 0.3127
0.0010039935483194134 0.28834
0.0010230439162701875 0.2734
0.000993117363081275 0.29895
0.0010044017566737278 0.28798
0.001001488745194283 0.29061
0.00099624041050847 0.29568
0.0010201145879626338 0.27548
0.0010324763439902437 0.2671
0.0009954589385355096 0.29648
0.0009990035314085342 0.29295
0.0010249262043398627 0.2721
0.0009929221745856674 0.29916
0.0009759614928340474 0.32314
0.0009819873998782977 0.31288
0.0010005957858378056 0.29144000000000003
0.000999302373714986 0.29266
0.000973124965561361 0.3295
0.0010341263805288884 0.26605
0.001007462795827951 0.28533000000000003
0.0010117450869696325 0.28181999999999996
0.001006818025153274 0.28588
0.0010184647901216861 0.27668000000000004
0.0009916711034117372 0.30054000000000003
0.001022938916796333 0.27347
0.0009879483447181397 0.30489
0.0009868624673403333 0.30624
0.0009953672687531621 0.29658
0.0009974002568492572 0.29452
0.0010166748583274174 0.27801
0.0010490352421125267 0.25722
0.0010064621545895559 0.28619
0.0010300433524411184 0.26866999999999996
0.0009932097165105244 0.29885
0.001010780929289103 0.2826
0.0010088339419999223 0.28419
0.0010262659416518283 0.27118000000000003
0.0010064709249273565 0.28618000000000005
0.0010100904652721252 0.28315999999999997
0.0010013793305720079 0.29070999999999997
0.0010102636875078022 0.28302
0.0009950991036546334 0.29685
0.0010061188135677512 0.28648
0.00099886807426033 0.29308
0.000987393997019318 0.30557
0.000983356662273849 0.3109
0.0009910777246548267 0.30121
0.0009991336210841992 0.29283000000000003
0.0010467881619155258 0.25849
0.0009782131923437944 0.31894
0.0009886133644713812 0.30408
0.0009816819461389713 0.31333
0.0009890746536530028 0.30353
0.0009974388019734807 0.29448
0.001014111896451476 0.27997
0.0009872945557105187 0.30569
0.0009942322469728689 0.29775999999999997
0.00102814940328689 0.26992
0.0010005158976273227 0.29151
0.0009963866830531225 0.29553
0.000997994094027182 0.29393
0.0010340074546192836 0.26613000000000003
0.0010094395599907365 0.28369
0.000996299707911809 0.29562
0.0010084095775304953 0.28454
0.0009966307226073068 0.29529
0.0010137750719906473 0.28023000000000003
0.0009982042275032434 0.29373
0.000995640026220818 0.29629
0.0009989623287326851 0.29299000000000003
0.0010001790211766936 0.29183000000000003
0.0010060571432284825 0.28653
0.000986250380793724 0.30701999999999996
0.0009837450881295966 0.31035999999999997
0.0010192757082448122 0.27609
0.0010067648984079685 0.28593
0.0009750967001853103 0.32493
0.0010197702304833068 0.27573000000000003
0.0009923701734483874 0.29977
0.000996559464893446 0.29536
0.0010029837851479606 0.28924
0.0009869921614001809 0.30607
0.0010040141854240436 0.28831999999999997
0.0009894169670224009 0.30312
0.0009999178014601228 0.29208
0.0009787734782644977 0.31797
0.000997383979677602 0.29453
0.0009950050546748109 0.29695
0.0009908287828798944 0.30149000000000004
0.000989882203444238 0.30258
0.000987121843506169 0.30591
0.0010034190164344055 0.28885
0.001017942770781312 0.27707
0.0010212695924212006 0.27465
0.000985355226291255 0.30818
0.00099941278714861 0.29256
0.001016180951807545 0.27839
0.0009785205199928633 0.3184
0.0010069269551698909 0.28579
0.0010032980420507647 0.28896
0.0010153622676605375 0.27901
0.0010161868849063442 0.27838
0.0009904409820402154 0.30193000000000003
0.0009864792334441125 0.30672
0.0009786899847321216 0.31811
0.0010181074219101753 0.27695
0.00099941034173055 0.29256
0.0009769041117474217 0.32131
0.0009874719050635317 0.30546999999999996
0.001012928971382874 0.28089000000000003
0.000986605901659624 0.30656
0.001006376781455123 0.28626
0.0010036640614409717 0.28863
0.0009886303021411948 0.30406
0.0009962678440461773 0.29565
0.0010355166153063597 0.26518
0.001009008480678065 0.28404
0.0010053042933483765 0.28718
0.0009790844996560696 0.31744
0.000996696588751166 0.29522
0.0009855041043977328 0.30798000000000003
0.0010422700484542917 0.2611
0.0010178680232995304 0.27712
0.001016383880332134 0.27823000000000003
0.001031950655763804 0.26743
0.0009893845362023029 0.30316
0.001016846982705483 0.27788
0.0009966898228668405 0.29523
0.0009910528002890955 0.30123
0.0010234108382716383 0.27314
0.000992950507698718 0.29913
0.0009920597343805295 0.30011
0.0010250877730807381 0.27199
0.000993312301494558 0.29874
0.0010109086395775494 0.28249
0.0009706583183959261 0.33691
0.000998974820705327 0.29298
0.000996995718329727 0.29491999999999996
0.0009914814893991514 0.30075
0.0009847849446673075 0.30894
0.0009925186914211378 0.2996
0.001004073226863 0.28826999999999997
0.0010300558628189088 0.26866
0.0009934506981536704 0.29859
0.0009841061481861723 0.30985999999999997
0.00098851451117861 0.3042
0.0010014331743591239 0.29066
0.000984357946933461 0.30951999999999996
0.0009931978531590832 0.29886
0.001023527765040594 0.27305999999999997
0.0009732005634748423 0.32931
0.000986490673477142 0.30671
0.0010086535749615562 0.28434
0.0009838859404529344 0.31016
0.0010162689599140914 0.27831999999999996
0.0009922408385735482 0.29991
0.0009864081649048177 0.30680999999999997
0.0010033665238128706 0.2889
0.0010278075722462245 0.27015
0.0009832306207821005 0.31108
0.0009995996049068543 0.29238000000000003
0.001021300129787945 0.27463000000000004
0.0010130628709242458 0.28078000000000003
0.0009820676453763512 0.31276
0.0009800907203108258 0.3158
0.0009915360206280452 0.30069
0.0009836737321284486 0.31046
0.000983985389730973 0.31003000000000003
0.0010065043532305972 0.28615
0.0010021365997748982 0.29001
0.0009865602003480832 0.30662
0.0010230436726391516 0.2734
0.0009848876482412144 0.3088
0.0009918501143511835 0.30034
0.000988544868288747 0.30416
0.0009928190213189607 0.29927
0.0010030683560456185 0.28916
0.0009925989188935304 0.29951
0.0009931126247991677 0.29896
0.0009774775006157943 0.32025
0.0009953397295281595 0.2966
0.0010134835795999296 0.28045
0.000992132414603639 0.30003
0.0009922986865240195 0.29984
0.001010152397647578 0.28311
0.0010419766941076906 0.26127
0.000981045425524603 0.3143
0.0009958316494304733 0.2961
0.0009995614711471835 0.29241999999999996
0.0009856002310721361 0.30785999999999997
0.000987695727605853 0.3052
0.0009856903244630155 0.30774
0.001021824695869567 0.27426
0.0010094959620934717 0.28364
0.0010069142411970062 0.2858
0.0010068290412986601 0.28586999999999996
0.0010094187714705556 0.28371
0.0009895231059077587 0.303
0.0009960362021619678 0.29589
0.0009923334409466596 0.29980999999999997
0.0009815984254732321 0.31346
0.0009994402189786235 0.29253
0.0009776899630072244 0.31987
0.0009754593728744195 0.32416999999999996
0.0009931996141712663 0.29886
0.0010338397011793337 0.26623
0.0010051470619609642 0.28731999999999996
0.001045653506720249 0.25913
0.0010050850760777606 0.28738
0.0009984715294572382 0.29347
0.0010222159743335636 0.27398
0.0009754239302510263 0.32424000000000003
0.0009773017786953312 0.32056999999999997
0.0009985451424608554 0.29339
0.0009984450630436657 0.29349000000000003
0.000994185836399014 0.29780999999999996
0.001015263392167742 0.27908
0.0009714615987619778 0.33418000000000003
0.0009983439174560788 0.29359
0.0010533368036342668 0.25485
0.0009987913672943533 0.29316
0.0010292176394248822 0.26921
0.0009919046719544648 0.30028
0.0009843347672619464 0.30955
0.0009934892404317372 0.29855
0.0009915736344897114 0.30065
0.0009805029948747172 0.31514000000000003
0.0009983144762392515 0.29362
0.0010347623977529623 0.26565
0.0010218404470714157 0.27425
0.0010064680899652804 0.28618000000000005
0.0010292930067996493 0.26916
0.0009839227266521568 0.31011
0.0010023644524754746 0.2898
0.0010087383511620026 0.28426999999999997
0.0009940921767734635 0.29791
0.0010022873648834404 0.28986999999999996
0.0010062434257194746 0.28636999999999996
0.0009891983616755315 0.30338000000000004
0.0010116988792318973 0.28186
0.0010160494728277962 0.27848
0.0010056487470278086 0.28689000000000003
0.000987020067969175 0.30604000000000003
0.001003416308221186 0.28885
0.0009956919553032746 0.29624
0.0010052481265279496 0.28723000000000004
0.0010014523540416466 0.29064
0.0009784266613260698 0.31856999999999996
0.0010299381531670452 0.26874000000000003
0.0009889364719736125 0.30369
0.0010085551891975018 0.28442
0.0009781655442608933 0.31901999999999997
0.0010103663969637667 0.28293
0.0009958396598443659 0.29609
0.0009929147827365543 0.29917
0.0010163328358352604 0.27826999999999996
0.0009969046616095884 0.29501
0.0009864914468728598 0.30671
0.001010214215417777 0.28306
0.000995866750135544 0.29606
0.000978819554320038 0.31789
0.0009970501673995562 0.29486999999999997
0.0009961740996051495 0.29575
0.0009858702810855477 0.30751
0.0009983157319637024 0.29362
0.0009969837081165863 0.29493
0.0009797394404085402 0.31636
0.0010000013263002255 0.292
0.000984465592005082 0.30937
0.0009967079714815685 0.29521
0.000992865202113077 0.29922
0.0009972307129868356 0.29469
0.000988540692407255 0.30417
0.0009936378225378912 0.29839
0.0009930053620612984 0.29907
0.0009831957585849833 0.31113
0.0010021547464921885 0.28999
0.0010463128127185216 0.25876
0.0009976241799557906 0.2943
0.000997734422050766 0.29419
0.0009993202208268203 0.29265
0.001017029812997826 0.27775
0.000988435087460943 0.3043
0.000988573370653265 0.30413
0.0010052489532416744 0.28723000000000004
0.0009924361932847224 0.29969
0.0010043680837907324 0.28801
0.0009884969471645215 0.30422
0.0009932831919498885 0.29877
0.000984063674985856 0.30992
0.0009896760016494014 0.30282
0.0009937376186675913 0.29828000000000005
0.0010125763627047758 0.28117
0.000986940483159024 0.30614
0.0009888216462377248 0.30383000000000004
0.0010089834371532292 0.28407
0.0010010439102152795 0.29102
0.000986947173904806 0.30613
0.0009905810687473313 0.30177
0.0010117194903416274 0.28184000000000003
0.0009951292440773536 0.29682
0.0009849842194853348 0.30867
0.001009059692718712 0.284
0.0009975479437441751 0.29436999999999997
0.0009855482103434251 0.30793000000000004
0.0009932762814807892 0.29878000000000005
0.0010092960541003928 0.28381
0.001010146468153911 0.28311
0.0010045371959860152 0.28786
0.0009891201764156297 0.30346999999999996
0.0009914675491121047 0.30077
0.0010016514971774788 0.29046
0.000990457174586137 0.30191
0.0010164424912424144 0.27819
0.0009735865355638025 0.32835
0.0009832459554963142 0.31106
0.0009996510630452063 0.29233000000000003
0.0010035940501541157 0.28869
0.0009995093686388957 0.29247
0.0009808497192181724 0.3146
0.0010238648392042599 0.27283
0.0010145440762781717 0.27963000000000005
0.000994516745786704 0.29746
0.0009967439660696683 0.29517
0.0010024713120077747 0.28970999999999997
0.0010157239737947433 0.27873000000000003
0.001006051667601979 0.28654
0.0010060447112148806 0.28654
0.0009881378627203637 0.30466
0.001025093055927544 0.27198
0.0009935332338593579 0.2985
0.0010313063987255865 0.26785
0.000995167499273055 0.29678000000000004
0.0009894384052253438 0.3031
0.0010031046413212156 0.28913
0.0009879828048481502 0.30484
0.0009932056406240137 0.29886
0.000994032941416346 0.29796999999999996
0.0010100397431499633 0.2832
0.0010063780278821276 0.28626
0.0010363316165262607 0.26468
0.0009768800399005716 0.32136
0.0009985727033166507 0.29336999999999996
0.0010019827260937238 0.29015
0.0009876578604362171 0.30524
0.0010179692296051325 0.27705
0.0010029247818475076 0.28929
0.0010104118235262887 0.2829
0.0010303055861485423 0.2685
0.000980922909282865 0.31449
0.0009887181941245374 0.30395
0.0010028074063344712 0.2894
0.000992896021628848 0.29919
0.0010153072816157618 0.27905
0.0009828551587918188 0.31162
0.0009847280499896743 0.30901999999999996
0.0010050792245687942 0.28738
0.00099300702156055 0.29907
0.0009904788086046786 0.30189
0.0009710804099244048 0.33542
0.0009921593690382581 0.3
0.0010098801181445476 0.28333
0.0009914009395520474 0.30084
0.0010137963756652376 0.28021
0.0009703579167749478 0.33805
0.0009796135509015733 0.31656999999999996
0.0010397263990815314 0.26261
0.0010190350463199645 0.27626999999999996
0.0010132903803782931 0.28060999999999997
0.0009686151767297477 0.34815999999999997
0.0009925152464327531 0.29961
0.0010185617397149385 0.27660999999999997
0.0009751540764327012 0.32481
0.0010375295279394644 0.26394
0.000998364814130224 0.29357
0.0010055070495855974 0.28701
0.001023569808660953 0.27303
0.0010106867552681182 0.28267
0.0010240779372374114 0.27268000000000003
0.0009921896722611566 0.29996
0.0009914527202548545 0.30078
0.001008840126319509 0.28418000000000004
0.0010336874596743042 0.26633
0.0010107598709532424 0.28261
0.000990868805728812 0.30144
0.0010132388823937436 0.28065
0.001000097612169675 0.29191
0.0009822467426492253 0.3125
0.0009882919912274578 0.30446999999999996
0.0009889999729610379 0.30362
0.0009972046196095685 0.29470999999999997
0.001000191191533599 0.29181999999999997
0.0009829311504236794 0.31151
0.001010122160265777 0.28313
0.0010017551304959927 0.29036
0.0010163888622452771 0.27823000000000003
0.000990575604505455 0.30178
0.0009783794151205312 0.31865
0.0010256451268905412 0.2716
0.0009838974097065086 0.31015
0.0009813098492549356 0.3139
0.0010035039252657661 0.28876999999999997
0.0009917828293032076 0.30041
0.0009978833067982769 0.29404
0.0009939760972105629 0.29803
0.000981368970386287 0.31381
0.0010085616365019918 0.28441
0.0009937536216594594 0.29827
0.000992623291674043 0.29949000000000003
