0.0010002400166024337 0.29227
0.0010043567822275088 0.28851
0.0010036040370284278 0.28918
0.0009885607142474367 0.30466
0.0009999476553565608 0.29255
0.0009874774533978592 0.30599
0.001022685363550557 0.27412
0.00098569444701313 0.30826
0.0010140902086178565 0.28046
0.0010044354021133128 0.28844000000000003
0.001009595625258504 0.28405
0.0010032192361373268 0.28952
0.0010114289604893469 0.28256
0.001007383293594981 0.28589000000000003
0.0009897860725142935 0.30321
0.0009847001197078322 0.30959000000000003
0.000986039087301393 0.30782
0.0009984659126273609 0.29397
0.0010303403735268692 0.26894
0.0010202455615096633 0.27586
0.0010003297523981949 0.29218
0.00103773924431034 0.26427
0.0009774552834867865 0.32086
0.001010509159802831 0.2833
0.0010194103332402916 0.27647
0.0010031794309094948 0.28956
0.0009862909722453724 0.30749
0.0010261272765965184 0.27175
0.0010028940706651296 0.28981
0.0009923917777315736 0.30025
0.0009972508384043961 0.29517
0.000974161576055846 0.3276
0.0009918910036625038 0.30080999999999997
0.0010109627819492458 0.28293
0.0010069053645195797 0.28629
0.0010523672333745146 0.25583
0.0009754033202997134 0.32487
0.0010163414549834902 0.27874
0.0009875464792975406 0.3059
0.0010221355112820275 0.27451
0.0009776456044570116 0.32051999999999997
0.0010101292870822107 0.28361
0.0009951907951818778 0.29725999999999997
0.0010069887508346758 0.28622
0.000980798853334146 0.31523
0.00100516074319152 0.2878
0.0010005123452909127 0.29201
0.0010062630579883674 0.28684
0.0009738650737040075 0.3283
0.001003122779349744 0.28961
0.0009988059450002902 0.29364
0.0010106193761714845 0.28321
0.001018691376193097 0.27699
0.0010012659026130029 0.29131
0.000984590512526354 0.30973
0.00101143165029087 0.28256
0.0009855919431553436 0.3084
0.0010096926730089027 0.28397
0.0009751281960704605 0.32545999999999997
0.0010028158014084043 0.28989000000000004
0.001016018212371031 0.27899
0.0009896132298436115 0.30341
0.001024581512832296 0.2728
0.0010076025153615833 0.2857
0.0009927263965206204 0.29989
0.0009796607905074445 0.31705
0.0010086909600921822 0.28479
0.0010233749442595003 0.27364
0.0009889497181313897 0.3042
0.0009964995302719768 0.29591999999999996
0.0009885183540024054 0.30471
0.0009812264537532708 0.31456999999999996
0.0010058157936754487 0.28723000000000004
0.0010133005858583223 0.28108
0.0009868481480486014 0.30678
0.0009987555671762112 0.29369
0.000985812455434385 0.30811
0.0009820074465193523 0.31339
0.000990637070929203 0.30222
0.0010229232829402385 0.27396
0.0009764110413700372 0.32284
0.0009806834291649995 0.31540999999999997
0.0010091961526191844 0.28436999999999996
0.0010392150026155712 0.26338
0.0010105433475617613 0.28326999999999997
0.0010107967711352375 0.28307
0.0010110098636321825 0.2829
0.0009902267168287147 0.3027
0.0010027752734708256 0.28991999999999996
0.001035381625207321 0.26573
0.0009880253892611114 0.30530999999999997
0.000987529248355707 0.30593000000000004
0.0009705201571524344 0.33815
0.0009875793640147846 0.30585999999999997
0.0009781479891038298 0.31961999999999996
0.0009819956094183453 0.31340999999999997
0.0009971666099720332 0.29525
0.000988266777353837 0.30501999999999996
0.0009913610174642536 0.3014
0.0010100921141352676 0.28364
0.001014562084738105 0.2801
0.0010180094202902918 0.2775
0.0010059762606773406 0.28709
0.0009777246592595557 0.32037
0.0010150527006252638 0.27971999999999997
0.0009974026587071722 0.29502
0.0009930772270162424 0.2995
0.0009731912439670572 0.32996
0.0010018871017292992 0.29073000000000004
0.0010119507343357103 0.28214
0.001020129606556054 0.27595
0.0009954938863989335 0.29695
0.0010128759169033173 0.28141
0.0010187383678932598 0.27696
0.0010233392757713808 0.27366999999999997
0.0010029679544955737 0.28975
0.0009970400822323397 0.29538000000000003
0.0009904706950584986 0.30241
0.00101106350342673 0.28285
0.0010014643265889595 0.29112
0.0010113163233183063 0.28265
0.0009878357752441556 0.30555
0.0010187827901486056 0.27693
0.0009999177068493639 0.29257
0.0009963787115026556 0.29605
0.0009858988432634823 0.308
0.001007283877816902 0.28597
0.0009876755248463666 0.30574
0.000988956601433911 0.30419
0.0010184290490709417 0.27719
0.0010156863447008827 0.27924
0.0010045196852187536 0.28836
0.000989836660108341 0.30315
0.0010162394762150545 0.27881999999999996
0.000999467058500737 0.293
0.000984963561553295 0.30923
0.0010120829923075283 0.28204
0.000987438602291169 0.30604000000000003
0.0009937593089708655 0.29877
0.000994919779026939 0.29754
0.0009917662974095502 0.30095
0.001003544788877158 0.28923000000000004
0.0010156621930586236 0.27926
0.0009860063157270463 0.30785999999999997
0.0009964638205892122 0.29596
0.00100319097015613 0.28955
0.0009801393796463574 0.31627
0.0010260523397398167 0.2718
0.001006458035472218 0.28668000000000005
0.0010126866736381698 0.28156
0.0010135260916117983 0.2809
0.0009873701453332027 0.30612
0.000997234634291304 0.29518
0.0009876954588783188 0.30572
0.0009927537233778044 0.29986
0.001017281480722195 0.27804
0.0009904791669176677 0.3024
0.0010107525223909787 0.2831
0.0009852098087158052 0.3089
0.0010453166809726456 0.25978
0.0009822407896964913 0.31305
0.0009931859888532232 0.29939
0.0010128476336469469 0.28143
0.0009976129167467427 0.29481
0.0010023830157793983 0.29028000000000004
0.0009875927215209296 0.30585
0.0009915383881288608 0.3012
0.0009775613033170486 0.32066999999999996
0.001002715761446021 0.28998
0.0010006094594842883 0.29191999999999996
0.000998093776147242 0.29433000000000004
0.0010129716050405813 0.28134000000000003
0.0009836540843900677 0.31101999999999996
0.001019078635854 0.27671
0.000984820821157841 0.30942
0.0010120913650717442 0.28203
0.0009810127750394368 0.3149
0.0010150715298054363 0.27971
0.0010019069013566017 0.29072
0.0010107736717598884 0.28309
0.000992368564643816 0.30028
0.0010164453066845128 0.27865999999999996
0.0010030829951938273 0.28964
0.0009993012339168997 0.29316
0.001001381422080361 0.2912
0.0010267876973814767 0.2713
0.0009951540926512082 0.2973
0.0010133666392890752 0.28103
0.0009978547963276567 0.29457
0.000993180998226345 0.29939
0.000991659447991268 0.30106
0.0009922199178474314 0.30044
0.0010021931741477888 0.29045
0.0010278441342522833 0.27059
0.0010090528840969862 0.28449
0.001003736614496044 0.28906
0.0009926384850591548 0.29998
0.0010414649117688449 0.26203000000000004
0.0010161643018721713 0.27888
0.001022330151425395 0.27437
0.00098336897681885 0.31142
0.0010171652214597533 0.27812
0.0010082131008768245 0.28519
0.00098550044187478 0.30851999999999996
0.0009845947018509366 0.30973
0.001059245117565974 0.25217
0.001018048378844767 0.27747
0.001034874473561699 0.26605
0.0009948763122215943 0.29759
0.000983980218221187 0.31056999999999996
0.0009786525946545949 0.31874
0.000992574377078752 0.30005
0.0010212228442931354 0.27516
0.0010002828425178117 0.29223000000000005
0.0010045301852972378 0.28835
0.0009790413187186983 0.31808000000000003
0.0010016540186289535 0.29095
0.000978230095347526 0.31947
0.0010066389762128675 0.28652
0.0010055678098833715 0.28745
0.0009991164277137184 0.29334
0.0010043972196128023 0.28847
0.0009767951656818009 0.3221
0.0010078514080935784 0.28549
0.0010153326059012637 0.27951
0.0009800305709196189 0.31645
0.0010020373376518428 0.2906
0.0010033892261262752 0.28936999999999996
0.0010067100421017627 0.28646
0.0009810907692222397 0.31478
0.0009884090422074168 0.30485
0.0010186767131773837 0.277
0.000997648562454413 0.29477
0.0010101759220785087 0.28357
0.0010011847237234208 0.29138000000000003
0.0010336990158685134 0.26678
0.0010250683505819778 0.27247
0.001012913057198283 0.28138
0.0010143777161093828 0.28024
0.0009948691978873521 0.2976
0.0009936237793468881 0.29891
0.001001656535488901 0.29095
0.001051467007548204 0.25633
0.0010148633833236566 0.27987
0.0010197768695266827 0.2762
0.000985842175377743 0.30806999999999995
0.0010117067709132185 0.28234000000000004
0.000993841858863807 0.29868
0.0010039819523389626 0.28884
0.0010213788442388033 0.27505
0.0010004798108230733 0.29204
0.000983837500985856 0.31077
0.0010034873352557632 0.28928000000000004
0.001015098810911885 0.27969
0.0009851590658350301 0.30896999999999997
0.001012633780093166 0.2816
0.0009988452735472258 0.2936
0.0010044226537943434 0.28845
0.0010192611704667356 0.27658
0.00098213951560328 0.3132
0.0009888272210124838 0.30434
0.0009774037505041028 0.32095999999999997
0.0009788474451374418 0.31840999999999997
0.0009823498237598383 0.31289
0.0009877497667095353 0.30565
0.0009761776080202874 0.3233
0.0009942441974734558 0.29825
0.0010255723361248538 0.27212
0.0009754311164341481 0.32482
0.000992786071425636 0.29982
0.00098309888573998 0.31181
0.0009989171969301907 0.29353
0.0010043613445819446 0.2885
0.0009870723416482115 0.3065
0.0009769632440113987 0.32178
0.001009205852344558 0.28436999999999996
0.0009820993274740667 0.31326
0.0009985255541210512 0.29391
0.0009781202263807207 0.31966999999999995
0.000986949682408443 0.30665
0.0009977881973051489 0.29464
0.0010058873512423692 0.28717
0.0009796355883068095 0.31709
0.0009992664844300629 0.2932
0.0010196402732081777 0.2763
0.0010085446839811964 0.28491
0.0010229818009781157 0.27392
0.0010286760369557662 0.27004
0.0010360283655732687 0.26533
0.0009786655280647127 0.31872
0.001043074569756923 0.26108000000000003
0.001020026987846837 0.27602
0.0010015772228876083 0.29102
0.0010465895343875896 0.25906
0.0009842727222245408 0.31017
0.0009882268527184842 0.30507
0.0009928498995861895 0.29975
0.0010088095585270682 0.28469
0.0010032704072905443 0.28948
0.0009915482615551585 0.30119
0.0009747695224560632 0.32623
0.001033393770759999 0.26698
0.0009854649979639208 0.30856999999999996
0.0009859432410298451 0.30794
0.0009862659407082687 0.30751999999999996
0.001003278706587812 0.28947
0.0009949601668647558 0.2975
0.0010050010214899866 0.28794000000000003
0.0009927660420954718 0.29984
0.0009930695528524644 0.29951
0.0009992519810673303 0.29320999999999997
0.001022227927767132 0.27445
0.0009855362470455938 0.30846999999999997
0.0009991622570414678 0.2933
0.001009854199491513 0.28383
0.0009804329044036666 0.3158
0.0009950398147183237 0.29741999999999996
0.0010008783228867906 0.29167
0.0010109128882097094 0.28297
0.0009939198408970373 0.2986
0.001013143114865156 0.2812
0.0010198746794729398 0.27613000000000004
0.001007154284018602 0.28608
0.0009908549632667656 0.30196999999999996
0.0010002147135983119 0.29229
0.0009902892791556488 0.30262
0.0010209989608873065 0.27532
0.001022796106337421 0.27405
0.001014985137799923 0.27976999999999996
0.0009904581014567456 0.30243000000000003
0.0010178353374139953 0.27763000000000004
0.00102624045897964 0.27166999999999997
0.0009839079753424236 0.31067
0.0010090945656744729 0.28446
0.0009840866475300208 0.31042
0.0009853945572085158 0.30866
0.0009710928079045485 0.33607
0.0010316380766149987 0.2681
0.0009911447822145234 0.30164
0.0009840514169960346 0.31046999999999997
0.001002775734774919 0.28991999999999996
0.0010195286903922547 0.27638
0.0010197044797140228 0.27625
0.0010316634394177994 0.26808000000000004
0.000999841915915659 0.29265
0.0009874427240337525 0.30603
0.0010042266249927685 0.28862
0.0010019348286684556 0.29069
0.000979949191182411 0.31658000000000003
0.0009772317818433165 0.32128
0.0009975409162899251 0.29488000000000003
0.000989749379855152 0.30325
0.0009870288862330915 0.30655
0.0009992544155379866 0.29320999999999997
0.0009776889099008422 0.32044
0.0009908070345307977 0.30203
0.0009991560038082002 0.2933
0.0010004950004468339 0.29203
0.0009762866544230443 0.32308000000000003
0.000993733830747123 0.2988
0.0009898309069059303 0.30316
0.0009831193587193894 0.31178
0.0009950805436933653 0.29738000000000003
0.0009850250826238696 0.30915
0.000993181707647496 0.29939
0.000992034264211545 0.30065
0.001009095870804367 0.28446
0.0009733191715653454 0.32963000000000003
0.0009863858317438019 0.30737
0.0010059316941458175 0.28713
0.000997948913942795 0.29448
0.0009846207514842766 0.30969
0.000992793339338072 0.29980999999999997
0.0009755659719466705 0.32454
0.0010237149929584182 0.2734
0.0010019815842112964 0.29065
0.0009915379478966826 0.3012
0.0010232793235143982 0.27371
0.0010047640062942958 0.28815
0.000984541452171579 0.3098
0.000988038311470842 0.3053
0.001001682869308343 0.29091999999999996
0.000998059901049975 0.29436999999999997
0.0009842648382907945 0.31018
0.0009987965567975574 0.29365
0.0010245304688699193 0.27284
0.0010092950565965075 0.28429
0.0009956708092378798 0.29677
0.0009960301425361144 0.2964
0.0009811073588944326 0.31475
0.0009958728243617942 0.29656
0.0009860388021661057 0.30782
0.0009868258340292337 0.30680999999999997
0.0009930273042316334 0.29956
0.0009914219676947424 0.30133000000000004
0.000987970258865847 0.30538000000000004
0.0010021964518747348 0.29045
0.0009925627749960446 0.30006
0.0010255073774845156 0.27216999999999997
0.0010042575872299486 0.28859
0.0009830980197032418 0.31181
0.0009914826922089485 0.30126
0.001009587946538636 0.28405
0.0009911500184905772 0.30164
0.0009896617696651252 0.30335
0.0010122216641147799 0.28193
0.0009829044208162334 0.31208
0.0009960961513551545 0.29633000000000004
0.0010311044939533523 0.26845
0.0009956074520631104 0.29683000000000004
0.0009807848839831065 0.31525
0.0010263433660513746 0.2716
0.0009922259518188768 0.30044
0.0010116164016311365 0.28241
0.0009955807207248323 0.29686
0.0009986951099526077 0.29375
0.0009946360272721148 0.29784
0.0010248260975915364 0.27264
0.00098935390081839 0.30372
0.0010180583115002324 0.27746
0.0010407937014038622 0.26243
0.0009742447214676935 0.32741
0.001009896708948486 0.2838
0.0010024226493945138 0.29024
0.0009910447936979875 0.30176
0.0009969288781413823 0.29549000000000003
0.0009847428311514533 0.30953
0.0009785408523755282 0.31893
0.001007395233967357 0.28588
0.0010091836271689414 0.28438
0.0010109806139152605 0.28292
0.0010104538465944626 0.28335
0.0010200014893105272 0.27604
0.0009925818065425395 0.30004000000000003
0.0009946274470159755 0.29785
0.0010349667582998734 0.26599
0.0009936209494456033 0.29891999999999996
0.0010022522020880509 0.2904
0.0010008115955344194 0.29173000000000004
0.0009855744356208908 0.30841999999999997
0.000982000341866801 0.3134
0.0010065751890571224 0.28658
0.0009861020748633766 0.30773
0.0010011013138685272 0.29146
0.000992025117101898 0.30066
0.0009880517726280301 0.30528
0.0010189031003444017 0.27684000000000003
0.0010085405309154954 0.28492
0.0009847811461582425 0.30948000000000003
0.0009831529862691102 0.31173
0.000998317232609488 0.29412
0.0009868109576366476 0.30683
0.0009872462766414261 0.30628
0.0009940267837151608 0.29848
0.0009932449947723846 0.29932
0.000994689997573011 0.29779
0.0009928778724589418 0.29972
0.0010128059754194207 0.28147
0.0009786388170390018 0.31876
0.0009973977724906855 0.29502
0.0009762640117956989 0.32313000000000003
0.0010250290620906653 0.2725
0.0010011002441366068 0.29146
0.0009925317353053375 0.3001
0.0010099187160013026 0.28378000000000003
0.00103566189990627 0.26555
0.0010161047110649802 0.27892
0.0010534550051326805 0.25524
0.0010087644407086778 0.28473000000000004
0.0009839022819386916 0.31068
0.0009946186095305988 0.29786
0.0009936049325118676 0.29893000000000003
0.0010240011757668315 0.27321
0.0009893052998693377 0.30377
0.0010089783422912383 0.28455
0.0009857769566606112 0.30816
0.0010018007309855388 0.29081
0.0010014832831498096 0.29111
0.0009803976939924102 0.31586
0.0009915135899015229 0.30123
0.00099664044082786 0.29578000000000004
0.0010100103989559475 0.28371
0.0009760682409827098 0.32352
0.0009965502570166006 0.29586999999999997
0.001013563098261463 0.28087
0.0009863254122977761 0.30745
0.000984022366608042 0.31051
0.001009887058770589 0.28381
0.0010027511983329081 0.28994000000000003
0.0009907826123707064 0.30206
0.0010240899861068496 0.27314
0.0009776670383916974 0.32048000000000004
0.0010197467528238367 0.27621999999999997
0.0010241008966130906 0.27314
0.0009784106471120077 0.31916
0.0009811550510934039 0.31468
0.0009918723552072273 0.30083000000000004
0.0009970819682643564 0.29534
0.000989273031742915 0.30380999999999997
0.0009899716826774897 0.30299
0.00098645478189849 0.30728
0.0009845792322174896 0.30975
0.001016160427107623 0.27888
0.0010181535897792503 0.27739
0.0010242258935066072 0.27305
0.0009928013713447373 0.2998
0.0010089204854558953 0.2846
0.001003417530644398 0.28934
0.0009911326043559657 0.30166
0.0009921729136180217 0.30049000000000003
0.000987453514373125 0.30601999999999996
0.0009780624435818369 0.31977
0.0010010174102474004 0.29154
0.0010104810305043288 0.28331999999999996
0.0010350584809304668 0.26593
0.0010075499289729677 0.28575
0.0010011608091876694 0.29141
0.0010065949224312854 0.28656
0.0009985696236591106 0.29386999999999996
0.0010048252433686059 0.28809
0.0009889449173415867 0.3042
0.0009866866249830582 0.30698000000000003
0.0009953557241143926 0.29709
0.0009904940998817023 0.30239
0.0010205239947889799 0.27566
0.0010159671556895697 0.27903
0.001019246143913023 0.27659
0.000983803389161756 0.31081
0.0009844630936914282 0.30990999999999996
0.0009817986088407808 0.3137
0.0010025590615710556 0.29012
0.0010093888835710832 0.28422
0.000992064333265285 0.30061
0.0009846822898300252 0.30961
0.000987024951859701 0.30656
0.0010002538369313688 0.29225999999999996
0.0010406711304383341 0.2625
0.0010091702886465043 0.2844
0.0009885670494903212 0.30466
0.0009936867008455692 0.29885
0.0009981609674614255 0.29427
0.0010145501836620037 0.28010999999999997
0.0009927673994305618 0.29984
0.0009932870670345726 0.29928
0.001019398778427016 0.27648
0.000987198215968691 0.30634
0.0009799687595881555 0.31655
0.000991788576119222 0.30091999999999997
0.0010164066230141228 0.27869
0.0009818387318558772 0.31364000000000003
0.0009882597907799465 0.30503
0.000997369345527649 0.29505
0.0009868929002407843 0.30672
0.0009886088557907661 0.30461
0.0010150676639632305 0.27971
0.0010003763581595832 0.29214
0.0010064765333866938 0.28665999999999997
0.000982083547077327 0.31328
0.0009997766419559385 0.29270999999999997
0.0010048644061877742 0.28806
0.0009979284455194752 0.2945
0.001019748850143847 0.27621999999999997
0.0009972595942598305 0.29516
0.0010416783645765591 0.26191
0.0010201256061193615 0.27595
0.0009992817266386935 0.29318
0.0010042845260601503 0.28857
0.0010055791839717514 0.28744000000000003
0.0009785941514125253 0.31884
0.0009887250140598834 0.30446999999999996
0.0009686711594136758 0.34881
0.0010160054133655622 0.279
0.0009741428529945989 0.32765
0.0010083580268665287 0.28507
0.0009928597682665604 0.29974
0.0010000172883552097 0.29248
0.00098469749995619 0.30959000000000003
0.0009729972409169151 0.33045
0.0010060975603039743 0.28699
0.0010001580195150564 0.29235
0.0009917264971174822 0.30099000000000004
0.0010061142974795746 0.28697
0.001011378049792597 0.2826
0.0010047205529673837 0.28819
0.001021294007188776 0.27510999999999997
0.0009849776347452142 0.30921
0.0010194434698713346 0.27644
0.000996088171363848 0.29634
0.0009722275635795574 0.33255
0.001016155555698428 0.27888
0.0010381357505555174 0.26403000000000004
0.001025708561311876 0.27203
0.000982249376596928 0.31304
0.0009921153428671511 0.30056
0.000986508027970943 0.30721
0.0009889515895452803 0.30419
0.000979851522664775 0.31674
0.0009943343501514347 0.29816
0.0010012068158232472 0.29136
0.0009741500187746885 0.32763000000000003
0.0010068362845163316 0.28635
0.0009721211173752235 0.33285
0.0010157364609294714 0.2792
0.001009591110743011 0.28405
0.001020491016861732 0.27569
0.0009881860123090794 0.30512
0.0009927235316893137 0.29989
0.0009945524497910836 0.29793000000000003
0.0010234563038739781 0.27358000000000005
0.0009917807918499403 0.30093000000000003
0.0010051206879482595 0.28783000000000003
0.000987986276179257 0.30535999999999996
0.001005213561561042 0.28775
0.001041906204376879 0.26177
0.0009767563056527677 0.32216999999999996
0.0009872980104717356 0.30621
0.0009909717124986987 0.30184
0.0009883920975398927 0.30487
0.0010118798165197345 0.2822
0.0009978606032539597 0.29456
0.0009824128547945119 0.3128
0.0010113028784871068 0.28265999999999997
0.0010127067453020017 0.28154
0.0009838796129239928 0.31071
0.0010030367816358371 0.28969
0.0009828997498749904 0.31209000000000003
0.0010237432023681662 0.27338
0.0009903569452523583 0.30254000000000003
0.0009874080269419484 0.30608
0.0010034115141379636 0.28935
0.0010132830023890393 0.28109
0.001017734643842561 0.2777
0.00101236306236211 0.28181999999999996
0.000997583503959773 0.29484
0.0009958561712840183 0.29658
0.0009972069402892161 0.29521
0.001000432235184066 0.29209
0.0009886100470184152 0.3046
0.0009879897553233398 0.30535999999999996
0.0009959384538863573 0.29649000000000003
0.0009768413481065108 0.32201
0.0009849443346644491 0.30926
0.000983688242344577 0.31096999999999997
0.0009954360724667695 0.29701
0.0009973362024421452 0.29508
0.000987334201391487 0.30617
0.0009818423083863801 0.31364000000000003
0.0009810511164335795 0.31484
0.0009934015978304413 0.29915
0.0009916839198886734 0.30104000000000003
0.0010105748250167645 0.28325
0.0009761578463603998 0.32334
0.0009992704343700933 0.29319
0.0010011276381961156 0.29144000000000003
0.0010001403614398026 0.29236
0.0009937913268920227 0.29874
0.0010096402426663631 0.28401
0.001001536670081373 0.29106
0.0010029838865721367 0.28973000000000004
0.0010132436098670094 0.28112
0.0010239034689021064 0.27326999999999996
0.0010085261232306488 0.28493
0.0009936363087837093 0.2989
0.0009791430432952897 0.31790999999999997
0.0009958004516344714 0.29663
0.0010057851300519884 0.28726
0.0010012854700695622 0.29129
0.0009857116023998076 0.30824
0.0010207016073060214 0.27553
0.0010321871004345306 0.26775
0.0010270468733980151 0.27111999999999997
0.0010038154274461535 0.28899
0.0010067365756298082 0.28644000000000003
0.0010110708603727548 0.28285
0.0010116451435338814 0.28239000000000003
0.0010092388836160243 0.28434
0.0010060955590415243 0.28699
0.0009880064987635637 0.30534
0.0010062791052960352 0.28683000000000003
0.001003048023028101 0.28968
0.0009980481763325168 0.29438000000000003
0.0009879602405938603 0.30539
0.001034464868937985 0.2663
0.001006510424620112 0.28663
0.0009889654005721983 0.30418
0.0009896160071600265 0.30341
0.0009781465250803035 0.31961999999999996
0.0009838373489263587 0.31077
0.0010207322707396448 0.27551
0.001004975787017049 0.28796
0.0009989498003088887 0.2935
0.001005214916807924 0.28775
0.0010184918684372761 0.27714
0.0009779764602955475 0.31992
0.000985343335748473 0.30873
0.0009934799318216097 0.29907
0.0010269359785516539 0.2712
0.0009951832706097154 0.29727
0.0009820388108314584 0.31335
0.001005120571008621 0.28783000000000003
0.0009955736819457462 0.29686999999999997
0.0009864632091459464 0.30727
0.0010003817899678254 0.29213
0.0009881724476906851 0.30513
0.0010358678382031868 0.26543
0.0010007087782556215 0.29183000000000003
0.0010101699452480229 0.28358
0.000993550242158944 0.29899000000000003
0.000980979400922212 0.31495
0.000994139231808474 0.29836999999999997
0.0009887820585823806 0.3044
0.0009823093113889 0.31295
0.001010262581754298 0.2835
0.000989683490633469 0.30333000000000004
0.0009709043509445678 0.33673000000000003
0.0010122674167483507 0.28189000000000003
0.0010016070675539248 0.29099
0.0009953696602439436 0.29708
0.0009844942867704922 0.30985999999999997
0.001010146496952129 0.2836
0.0009904817452848272 0.3024
0.0010055388927610058 0.28747
0.001007766845737799 0.28557
0.0010074755143580606 0.28581
0.000998181065892285 0.29425
0.000991695575505436 0.30101999999999995
0.0010053001367593326 0.28768
0.0010073175830099866 0.28594
0.0009912139651094662 0.30157
0.000982861809416751 0.31215
0.0009874158453819038 0.30607
0.0010250418176234435 0.27249
0.001011421685932613 0.28257
0.0009988204170399055 0.29363
0.0010162960956923398 0.27878000000000003
0.0009940510509681985 0.29846
0.00103422473623784 0.26645
0.000996029143993097 0.2964
0.000996561677425227 0.29586
0.001002671114613415 0.29002
0.0009894500098244503 0.3036
0.0009953917326007145 0.29706
0.0010007662753497065 0.29177
0.000990228613301099 0.30269
0.0009867638856354015 0.30689
0.0010138924093957154 0.28062
0.0009926261733654593 0.3
0.0009957429856736664 0.29669
0.0009970813383849398 0.29534
0.0010060137348957224 0.28706
0.0009982106037818876 0.29422
0.0009996120892805072 0.29286
0.0010027136641260104 0.28998
0.0010032433296894405 0.2895
0.0009868732353978055 0.30675
0.000990301061773415 0.30261
0.0009926091100497633 0.30001
0.000991434935275534 0.30132
0.0010021165067363065 0.29052
0.0010127983576372543 0.28147
0.001010916767910022 0.28297
0.0009962173725790759 0.29621
0.0009830816809956629 0.31183
0.0009970560818909015 0.29536
0.0010142188313995155 0.28036
0.0009742051953003623 0.3275
0.0009925349374771274 0.3001
0.0009890760816620126 0.30405
0.000978463084478519 0.31906999999999996
0.0010237436374747433 0.27338
0.0009827495893177656 0.31231
0.0010100185230335942 0.2837
0.0009934265986139392 0.29913
0.0010215070383683455 0.27496
0.0009986467434523437 0.29379
0.0010185515258772807 0.2771
0.000987021904594965 0.30656
0.0009903657631845162 0.30253
0.000984732307343335 0.30954
0.0009994711274686136 0.293
0.001022419289614042 0.27431
0.0009937855719810782 0.29874
0.0010177104532837018 0.27771999999999997
0.000996654914765846 0.29577
0.0009912848180011623 0.30149000000000004
0.0009936211590257347 0.29891999999999996
0.0010180217921623405 0.27749
0.0009733699848756757 0.32950999999999997
0.001007808789859961 0.28553
0.0009966186989774377 0.2958
0.001017434258373343 0.27792
0.0010060534267908204 0.28703
0.0009873114634659293 0.3062
0.0009738306699104852 0.32838
0.0009984224473407128 0.29401
0.0009955133904499093 0.29693
0.0010056987853159073 0.28733000000000003
0.0009949360211074464 0.29753
0.0009868359160864774 0.30679
0.0010408463297464714 0.2624
0.0010112302939016078 0.28271999999999997
0.0009772600214371595 0.32122
0.0009840509186737115 0.31046999999999997
0.0009877543062835222 0.30565
0.0009880022435655158 0.30534
0.0009876103978205424 0.30583
0.0010062796102626563 0.28683000000000003
0.000994634446878461 0.29784
0.0009979526706286824 0.29447
0.0009956062765919388 0.29683000000000004
0.0010453505010171605 0.25976
0.0010018207470271073 0.29079
0.0009964138444603851 0.29601
0.0009946731975613383 0.2978
0.0009942630236162348 0.29823
0.0009843851790503598 0.31001
0.0009969473466311112 0.29546999999999995
0.0009859830458780032 0.30789
0.0009918706115536887 0.30083000000000004
0.0009728179466332215 0.33092
0.0009759295101361276 0.32379
0.001015953420597482 0.27904
0.0009843799044272163 0.31001999999999996
0.000987161455347876 0.30638000000000004
0.0010060557883640397 0.28702
0.0009948953743318585 0.29757
0.0009830604344301707 0.31185999999999997
0.0009872253097059462 0.3063
0.0009949777970339594 0.29748
0.0010019663883229124 0.29066
0.0010049022716603687 0.28803
0.0009924716222563517 0.30016
0.0010155759267252548 0.27931999999999996
0.000979681500403524 0.31701
0.0009937780990446005 0.29875
0.0010067104684758342 0.28646
0.000988603973750695 0.30461
0.0010029420326225856 0.28976999999999997
0.0009984180463477909 0.29402
0.001014841097400176 0.27988
0.0010047366196384332 0.28817
0.00100179068366848 0.29081999999999997
0.0010014654187216552 0.29112
0.0009961235488317307 0.2963
0.0009743832022988469 0.3271
0.000989162376281106 0.30394
0.0009981622177284049 0.29427
0.0010012850888767143 0.29129
0.001030336996894807 0.26894
0.0009889208114500633 0.30423
0.0010029028212051256 0.28981
0.0009854127483462773 0.30863
0.0010386555472487393 0.26371999999999995
0.0010039140935576216 0.2889
0.0009955608886353898 0.29688000000000003
0.0010007544646360531 0.29178000000000004
0.0010127957942672233 0.28147
0.0009911210738418358 0.30167
0.001011030567643313 0.28288
0.001009216601299448 0.28436
0.00100228432309074 0.29036999999999996
0.0010063156329867585 0.2868
0.0010143229737411008 0.28028000000000003
0.0010037950753929612 0.28901
0.001045992361051571 0.2594
0.000985298254188964 0.30879
0.000995303753367413 0.29715
0.0009709153457384708 0.33669
0.0009992157542683718 0.29324
0.001034950465532867 0.266
0.0009858151258725265 0.30811
0.0009908516826922635 0.30198
0.0009835489047787017 0.31117
0.001012200999210087 0.28194
0.0010156114575814946 0.2793
0.0010184621881698668 0.27716
0.0009999362351377715 0.29256
0.0010183249511512321 0.27726
0.0009998793329930812 0.29261
0.0009976847011689686 0.29474
0.0010324726102705112 0.26757
0.000996607473341651 0.29581
0.001040477584705707 0.26261999999999996
0.0010085188570267464 0.28494
0.0009944670075404595 0.29802
0.001015137945065655 0.27965999999999996
0.0009787676237727869 0.31854
0.0009861069244413078 0.30773
0.0009810172793037275 0.31489
0.0009920612241136621 0.30062
0.0009814719066374574 0.3142
0.0009995759598679683 0.2929
0.0010115096150489263 0.28249
0.000983341579911785 0.31146
0.0010010641337077754 0.2915
0.0009977471636416011 0.29468
0.0009978304964226418 0.29459
0.0009834313221620068 0.31134
0.000995079557299921 0.29738000000000003
0.0010372107895277778 0.2646
0.0009782819981328326 0.31938
0.0010045237169785635 0.28836
0.0009830495375921988 0.31188
0.001000531027727026 0.29199
0.0009943378959283312 0.29816
0.0010000293158628035 0.29247
0.0010142077783256303 0.28037
0.0010159593304154798 0.27903
0.0009885579382598814 0.30467
0.0009938147400680578 0.29871
0.001021590980526399 0.2749
0.0010049962533521608 0.28794000000000003
0.0009943806157247837 0.29811
0.0009863119771482676 0.30746
0.0009989763909778939 0.29348
0.0009831171066821626 0.31178
0.000991359565210626 0.3014
0.0009998503429732785 0.29264
0.0009994131622363001 0.29306
0.0009878758523186796 0.3055
0.0009919445599287384 0.30075
0.000984453656890404 0.30992
0.000997412109745977 0.29501
0.0009878783205803357 0.30549
0.0009849379139948808 0.30927
0.0009859731468237001 0.3079
0.001008559885944367 0.2849
0.0009958013729137987 0.29663
0.001016639908290954 0.27852
0.0009970693980125638 0.29535
0.0010081266881790704 0.28526
0.001040421842275711 0.26265
0.0010126801622264796 0.28157
0.0010122118220115995 0.28194
0.001015830596768969 0.27913000000000004
0.0010167645154489542 0.27842
0.0009846408292228947 0.30967
0.0010121774134721504 0.28196
0.0010025322343650545 0.29014
0.0010072353135064055 0.28601
0.0009960683918592754 0.29636
0.000998366799069906 0.29407
0.0009887105925169303 0.30448000000000003
0.000987759077648578 0.30564
0.0009869206606858488 0.30669
0.0010182416009051805 0.27731999999999996
0.001048686384171495 0.25787
0.0009916508796948646 0.30107
0.0009912550976781305 0.30151999999999995
0.0010004688515287035 0.29205
0.0009938886136472997 0.29863
0.000976447077762409 0.32277
0.0010154554211871082 0.27941
0.0010166101623399165 0.27854
0.0009760348782557096 0.32358000000000003
0.000991001911211161 0.30180999999999997
0.0010425704695524534 0.26138
0.0010223958716920802 0.27433
0.0009818159415352868 0.31368
0.0009903242300596227 0.30258
0.0010018388301475732 0.29078000000000004
0.0009939737466533277 0.29854
0.0010061831010800405 0.28691
0.0010184384403110678 0.27718000000000004
0.0009863544672418585 0.30741
0.0010056208454265077 0.2874
0.000985165835235306 0.30896
0.0010051817617626844 0.28778000000000004
0.0010079693960124293 0.2854
0.0010218676314254131 0.2747
0.0009868597922751395 0.30676
0.0010139301398941491 0.28059
0.0010243176391074868 0.27299
0.001014577380480791 0.28009
0.000988389923715541 0.30487
0.0010203701003263167 0.27576999999999996
0.0009730131747020119 0.33041
0.000975658079566853 0.32435
0.0009983323219992727 0.2941
0.0009862946152188517 0.30749
0.0009973784554292292 0.29504
0.0010297756425877089 0.26931
0.0010175379439669242 0.27785
0.0010019292865648729 0.29069
0.001002401156610335 0.29026
0.0010026342336358941 0.29005
0.001011535018097187 0.28247
0.0009783050164477506 0.31934
0.0010076431272071492 0.28567
0.0009882582555675167 0.30503
0.0010016828366563658 0.29091999999999996
0.001015699382521392 0.27923000000000003
0.0010022583748303985 0.29039
0.0009956401347937063 0.2968
0.0009940385224805623 0.29846999999999996
0.0009815786497469772 0.31403000000000003
0.001013272700500462 0.2811
0.0009934460867186007 0.29911
0.0009953183440552006 0.29713
0.001003353412412793 0.2894
