0.0009760676434184013 0.32789
0.0010282504405753172 0.26879000000000003
0.0010003348976621576 0.29163
0.0009943685135016325 0.29801
0.001010940532382356 0.28191
0.000988478880272715 0.30527
0.0009822474383706437 0.31468
0.0009962251006860494 0.29593
0.0009962474728141605 0.29591
0.0009807653512060657 0.31734
0.0009841923310739123 0.31148000000000003
0.0010093241431849691 0.28329
0.0010190331773071754 0.27544
0.0009933213330383945 0.29921
0.0010239294126354354 0.27182
0.0010090213915178003 0.28355
0.0010312209942268365 0.26678
0.0010057519528461202 0.28646
0.0010167137688335912 0.27721999999999997
0.000999727784173723 0.29225
0.0009905697256170122 0.30255
0.0009827737625433426 0.31378
0.0009817765830102954 0.3155
0.0009912984487214344 0.30164
0.0009864389528019902 0.3081
0.0009914707860666921 0.30143000000000003
0.000995660088030554 0.29656
0.001012765412529964 0.28039000000000003
0.0010022354381632242 0.28976
0.0009994538069185664 0.29253
0.000982541999410694 0.31417
0.0010330624582974587 0.26557
0.0010083274230724365 0.28415
0.001002802675241385 0.28920999999999997
0.0010105087571792952 0.28226999999999997
0.0009771754349398002 0.32498
0.0009820003166261175 0.3151
0.0009762085225084668 0.32749
0.0010093005208865354 0.28331
0.0009871865926077777 0.30704000000000004
0.0009989020603388 0.29309
0.0009853773078984838 0.30966
0.0010484988162329724 0.25611999999999996
0.0010136992833088415 0.27962
0.0010164762848623404 0.27741
0.0009942728037408799 0.29811
0.0009972721126381692 0.2948
0.00099447482523047 0.29788000000000003
0.000998537882004477 0.29347
0.0010034319369354987 0.28861
0.0010020749588390819 0.28991999999999996
0.0009832035586895894 0.31306999999999996
0.0009876913638668893 0.30634
0.0009965345231542728 0.2956
0.0009818872487020777 0.3153
0.0010113652741438823 0.28155
0.001060748610327393 0.2494
0.0009819579222270752 0.31518
0.0009931926829595751 0.29936999999999997
0.0010041168978163974 0.28797
0.0009944559295929946 0.29791
0.00099717040194601 0.29491
0.0010042171482686306 0.28786999999999996
0.0010156065566640433 0.27809
0.0009792158225900988 0.32038
0.001017030941484896 0.27698
0.0009885468037266268 0.30518
0.0009800867715451785 0.31863
0.0010288245146884733 0.2684
0.0010059547721068148 0.28626999999999997
0.0009821617045439913 0.31482
0.001056067998258335 0.2519
0.0010015333804251304 0.29045
0.0010085228508054703 0.28398
0.0009809969228660588 0.3169
0.0010079059805612484 0.28452
0.001040033002108665 0.26115
0.0010091645411433711 0.28342
0.0010125450999934637 0.28057
0.0009930577323107729 0.29952
0.001033887227236046 0.26503000000000004
0.0009804469549515068 0.31794
0.0009784917773770882 0.32192
0.000986200414687427 0.30845
0.0009753087522694762 0.33013000000000003
0.0010102900631465412 0.28246
0.0010151336721489807 0.27847
0.0010073257893806445 0.28504
0.0009937826005336028 0.29868
0.0010254734086594549 0.27071999999999996
0.0010343989285148915 0.2647
0.0010003151621257981 0.29165
0.000989151898876939 0.30437
0.000983713490791459 0.31224
0.001000410113586519 0.29156
0.000982035082101768 0.31504
0.0009906315217561787 0.30246999999999996
0.0009991053416767161 0.29288000000000003
0.0009995840039598127 0.29239
0.0010107097376193424 0.2821
0.0010051291678236983 0.28703
0.0010036038554699033 0.28845
0.000992481394114114 0.30021
0.0009947289276619243 0.2976
0.0010013118129741886 0.29066
0.0010050610223450026 0.28709
0.0010011529624010906 0.29081999999999997
0.0010228158367042357 0.27263000000000004
0.001008233978913305 0.28423000000000004
0.00100249849274783 0.28951
0.000987620465660401 0.30644
0.000994100592399431 0.29830999999999996
0.0010224047914049426 0.27293
0.0009884841005118469 0.30526
0.000981087989841883 0.31674
0.0009966205941929263 0.2955
0.000988582586341459 0.30513
0.0010333730518040942 0.26537
0.0009906949033800208 0.30239
0.0009758001760437712 0.32865
0.0010046525417166125 0.28747
0.0009897380729612956 0.30361
0.0009817161869556219 0.3156
0.0010248302163333783 0.27118000000000003
0.0009814506033758903 0.31608
0.0010032884305521553 0.28875
0.0010089108711858338 0.28364
0.0009954813929961167 0.29675
0.0009870934685818177 0.30717
0.0010022934752520086 0.2897
0.0009976629487482298 0.29439
0.0010010007993283465 0.29097
0.0009969418784775605 0.29516
0.001022159321372998 0.27310999999999996
0.0009983998543198855 0.29361
0.000990768068326719 0.3023
0.0010095373947640424 0.2831
0.0009920882656455994 0.30068
0.0009886080901576138 0.3051
0.0010022071026771313 0.28979
0.0009907142189669383 0.30236999999999997
0.0009916472614225835 0.30122
0.001015559215097377 0.27813000000000004
0.0009897844503331517 0.30355
0.0010056227395454555 0.28657
0.0009745717971692149 0.33259
0.0009911144070645266 0.30186999999999997
0.000987355067860382 0.3068
0.0010274310514680359 0.26936
0.0010054883507901453 0.2867
0.0010014460802800446 0.29053
0.001007717740928039 0.28469
0.0009801296084756706 0.31855
0.0009988458947102039 0.29315
0.000983396528779052 0.31275
0.0009982328539190947 0.29379
0.0010341951422129152 0.26483
0.0010084375207982542 0.28406
0.0009864375878239802 0.3081
0.0010403307280455942 0.26097
0.0010182954737746506 0.276
0.0009812029030385721 0.31653000000000003
0.0009805000553097297 0.31784
0.0009895342071478798 0.30388000000000004
0.0009829866901939488 0.31343000000000004
0.0010117046164442858 0.28126999999999996
0.0010228606388387137 0.2726
0.0010085073919977928 0.284
0.0010297448903455412 0.26777
0.0009890256123183633 0.30454000000000003
0.0009940900919554992 0.29832
0.0009812342998099782 0.31647
0.0010182699219480082 0.27602
0.0009826023578919424 0.31406999999999996
0.0009770032736962512 0.32541
0.0009877274865401943 0.30629
0.0009943176028391217 0.29806
0.0010157999928157877 0.27794
0.0009798518461723576 0.31909
0.001039329992890001 0.26158000000000003
0.0009887831475911234 0.30485999999999996
0.0009850461197903628 0.31016
0.0009895744186827415 0.30382
0.0009771491018515884 0.32504
0.001012763314490637 0.28039000000000003
0.0009791118734326807 0.3206
0.0010429320785813744 0.25939
0.0009921806298534093 0.30057
0.0009792541550741815 0.3203
0.0010028372611995608 0.28918
0.001018639485047521 0.27574
0.0010063014061186088 0.28596
0.001021918348766166 0.27328
0.000977538460642894 0.3241
0.0010000860610133804 0.29188000000000003
0.000996285724648215 0.29586999999999997
0.0010077592250254666 0.28465
0.0009961443311058507 0.29602
0.0010056020988311303 0.28659
0.0010126775592205655 0.28046
0.0009838171082400542 0.31206999999999996
0.0010092169826383033 0.28338
0.0010041143487062058 0.28797
0.0010181403014121412 0.27612
0.001008674277780661 0.28385
0.0009913697112762863 0.30156
0.0010007668613016378 0.2912
0.0010117833665477735 0.2812
0.0010427757127882094 0.25948000000000004
0.0009888025476233648 0.30484
0.001005983491487043 0.28624
0.0009879871079005325 0.30593000000000004
0.0009906485472618192 0.30245
0.0010164216242581564 0.27745
0.0010026657943053151 0.28935
0.001015984212661817 0.2778
0.000981881458978863 0.31531
0.0009971621686218175 0.29491999999999996
0.0010034330749548407 0.28861
0.0010265387691572104 0.26998
0.0009837486109374699 0.31218
0.0010112649307069104 0.28163
0.0010220664246852358 0.27318000000000003
0.0010174218250361495 0.27666999999999997
0.0009837299946337395 0.31221
0.001001676047099355 0.29031
0.000986208563376531 0.30843000000000004
0.001019789635861479 0.27487
0.0009936937120573692 0.29878000000000005
0.0010173860369181392 0.2767
0.0009980004442578655 0.29403
0.000999831952129924 0.29214
0.0009893043596906112 0.30418
0.0009960735947687131 0.2961
0.0009806441277613901 0.31756
0.001000322285515835 0.29165
0.0009869458069192468 0.30738000000000004
0.0010081773235018307 0.28428000000000003
0.000985759589222827 0.30909000000000003
0.001002672762847298 0.28934
0.001004399105928805 0.2877
0.0009901248463973378 0.30312
0.001000639709415699 0.29133000000000003
0.0010232927856011994 0.27228
0.0010197789818978463 0.27487
0.0009931195409744143 0.29945
0.0009854635766720302 0.30953
0.0009885250183511928 0.30521
0.0010082990612090403 0.28418000000000004
0.001002256249665845 0.28974
0.000976588199311305 0.32647
0.0010643070385453971 0.24756
0.0009950705959091467 0.29721
0.0009910388273610962 0.30196999999999996
0.0010252306587157619 0.2709
0.0009850642375820351 0.31013
0.0009963448496584412 0.2958
0.001028662555958163 0.26850999999999997
0.0010014907953124917 0.29049
0.0009903742113512419 0.3028
0.0009848957000865854 0.31039
0.0009926922973541251 0.29996
0.0009863847772365653 0.30818
0.0009935365004826128 0.29896
0.0009902119174963434 0.303
0.0010086329181689243 0.28389000000000003
0.0010098627383069293 0.28281999999999996
0.001011350518983982 0.28156
0.0010172007382593772 0.27684000000000003
0.000986474586451476 0.30805
0.0010115124849253536 0.28143
0.0009797598409994974 0.31928
0.001017808628455026 0.27637
0.001019609477930409 0.275
0.0010079070354636196 0.28452
0.0009990371149786975 0.29295
0.0009935957108869865 0.29889
0.001012117401127485 0.28092
0.001015302113243926 0.27834000000000003
0.0009911111698672694 0.30188000000000004
0.0009922432801238177 0.30049000000000003
0.001011798218297943 0.28119
0.0009766685142151084 0.32626
0.0009885133102442475 0.30522
0.0009748674882584865 0.33155999999999997
0.000978094463456747 0.32281
0.0009944255776664274 0.29794
0.0010104762017041872 0.2823
0.0009929814521855663 0.29961
0.000983515484534694 0.31256
0.0010084323119450085 0.28406
0.0010032958995038436 0.28874
0.0009960802642414142 0.29609
0.0009967380416981547 0.29538000000000003
0.0010026890327096138 0.28931999999999997
0.0009898924642520006 0.30341
0.0009973535982008553 0.29472
0.0010188205701692702 0.2756
0.000993882821762061 0.29856
0.000984201837529965 0.31146
0.001031387887220766 0.26666999999999996
0.000988572324052317 0.30514
0.0010034792390310923 0.28857
0.0010140084913428718 0.27937
0.0010260388835819367 0.27033
0.001018341140287668 0.27597
0.0009740137570407624 0.33471999999999996
0.0009883766900449754 0.30541
0.0010209261456245176 0.27402
0.0010244698103329714 0.27144
0.0010009584305475487 0.29101
0.0009972741609591256 0.2948
0.0010072907963770315 0.28507
0.0009920018820643653 0.30078
0.0010141259898948244 0.27928000000000003
0.00098937940653456 0.30408
0.0009999373903715131 0.29204
0.0010031407377681615 0.28889000000000004
0.001012407849964911 0.28068000000000004
0.000986462734502833 0.30806999999999995
0.0010015233293441804 0.29046
0.0010265889951484215 0.26994
0.0010058659527049586 0.28635
0.000981109362668701 0.3167
0.0009847219370385904 0.31065
0.0010452721478843494 0.258
0.0009907381002942867 0.30234
0.000998720230390318 0.29328000000000004
0.001013265945013348 0.27998
0.0009804755976667667 0.31788
0.0010084488806868417 0.28405
0.0009853252241101482 0.30974
0.0009914087901052202 0.30151
0.0010225607473061985 0.27281
0.0009800724953515645 0.31866
0.0009924799896650315 0.30021
0.0009857372364507225 0.30912
0.0009725602562313066 0.34289000000000003
0.001008007862041703 0.28443
0.0009782243155056366 0.32252
0.0009993067659765668 0.29268
0.0010184067782146578 0.27592
0.0010025964430612536 0.28941
0.0010090266229530536 0.28354
0.001011741469142671 0.28123000000000004
0.001025243589856667 0.27089
0.0009925050315937294 0.30018
0.0010259281258542395 0.2704
0.001043001150112161 0.25935
0.0010283543519695453 0.26871999999999996
0.0009980035254684796 0.29403
0.0010237680543208662 0.27194
0.0010190419359002586 0.27543
0.0010273123862422609 0.26944
0.0009901677514533834 0.30306
0.0009985104632720008 0.2935
0.0009980176623747504 0.29401
0.0010182168024235431 0.27605999999999997
0.0009833773001044004 0.31278
0.001003612247627211 0.28844000000000003
0.0010270484259103949 0.26961999999999997
0.001031544952297118 0.26657
0.0010021942328302476 0.2898
0.000995255912595562 0.297
0.000995573957405762 0.29665
0.000986453400353194 0.30808
0.0009959005552937963 0.29629
0.001060129077114116 0.24973
0.0009868399519542168 0.30753
0.000999071927516012 0.29291999999999996
0.000987407006858196 0.30673
0.0009725457360001949 0.34302
0.0009917066295214833 0.30114
0.0010108418569777361 0.28199
0.0010052931536213103 0.28688
0.0009970474996523902 0.29504
0.0010047109370812878 0.28741
0.0009866603302983946 0.30778
0.0010193262283889292 0.27521999999999996
0.0009749788513358083 0.33119
0.0010346694440810649 0.26452
0.0010062063793212731 0.28604
0.0009721978719331446 0.34797
0.0010088890850513405 0.28365999999999997
0.0009885614158038885 0.30516
0.0010011957486643882 0.29078000000000004
0.000997449505886266 0.29461
0.0010183515699493397 0.27596
0.0010012461849149674 0.29073000000000004
0.0009887304745831687 0.30493000000000003
0.0009972320929554925 0.29485
0.001003361085031615 0.28868
0.0010103727241122296 0.28239000000000003
0.0010129939517488896 0.2802
0.000993709853448934 0.29875999999999997
0.00097738912335738 0.32445999999999997
0.0009935533421061887 0.29894
0.0010071731541731461 0.28517
0.001022513210661346 0.27285
0.0009874437540473677 0.30668
0.0010033652355667232 0.28868
0.0010075466294632127 0.28484
0.0009803815162775285 0.31806
0.0009870210833785706 0.30727
0.0009899236708791042 0.30337
0.0010121271590218613 0.28091
0.0009915682621579487 0.30130999999999997
0.0009823505994349605 0.3145
0.0009768689678681466 0.32575
0.001018664811054084 0.27571999999999997
0.001016700386242292 0.27723000000000003
0.0009860063686317033 0.30873
0.0010095677706009711 0.28308
0.001005808572771582 0.2864
0.001021614111240827 0.27351
0.000989462273774556 0.30396999999999996
0.0010077720540729242 0.28464
0.0009801887262748353 0.31843
0.0010230959035109478 0.27243
0.000976883902545522 0.32571
0.0010366949401305918 0.26323
0.0009954938269533175 0.29674
0.000987675648687004 0.30635999999999997
0.0009794294950674378 0.31994
0.0010041203621620875 0.28796
0.0010004552590054709 0.29151
0.0010008654543483466 0.2911
0.0010275673834146183 0.26926
0.001020277904227134 0.2745
0.0010269349805442224 0.2697
0.0009930643590864 0.29952
0.0009835718890771389 0.31246999999999997
0.0010024482204540146 0.28955
0.0010205429725955075 0.2743
0.0010098010564061558 0.28288
0.0009748912938696904 0.33148
0.0010266947235403482 0.26987
0.0009787709938478542 0.32132
0.0009896060644255292 0.30378
0.001008766580125155 0.28376999999999997
0.0009862041374927375 0.30844
0.0009888868212100915 0.30472
0.0009929185049332885 0.29969
0.0010118402513848582 0.28115
0.0009934596658647404 0.29905
0.0010138857592682535 0.27947
0.0009976048004572886 0.29445
0.0010118054014638836 0.28118000000000004
0.001008135370305885 0.28431999999999996
0.000982716075380799 0.31388
0.0009727798666381479 0.34114
0.0010159331097675916 0.27784000000000003
0.0009789062114956915 0.32103000000000004
0.0009965115709152515 0.29562
0.001014010626576094 0.27937
0.0010184344707777006 0.27589
0.0010015700915589954 0.29041
0.000995666165626929 0.29655
0.0010185871824604023 0.27578
0.0010021864949818766 0.28981
0.0009810831316739374 0.31675
0.001007523841180955 0.28486
0.0009946089376882713 0.29773
0.0009967387552137 0.29538000000000003
0.0009889009757644862 0.30471
0.000990138223485459 0.3031
0.0010119294939621576 0.28108
0.0009951560648241763 0.29712
0.00098809434644052 0.30579
0.0009998626805498006 0.29211
0.0009870505883849575 0.30723
0.001013286623301098 0.27996
0.0009891155805561533 0.30441999999999997
0.0009858162812589025 0.30901
0.0009839572309277358 0.31185
0.0009851734149487052 0.30996999999999997
0.0009838824569655302 0.31196999999999997
0.0010223188714190486 0.27299
0.0010076015308788933 0.28479
0.0009940492644441852 0.29836999999999997
0.0010211330343907626 0.27386
0.000990157222165206 0.30307
0.000990156764832104 0.30307
0.0010230876290077996 0.27243
0.0009939069165747789 0.29853
0.0009790889904578016 0.32065
0.0010014307220476964 0.29055
0.001014558384110574 0.27893
0.000973851300936983 0.3354
0.001000098425896204 0.29186999999999996
0.0010109453178703937 0.2819
0.0009830490131201243 0.31332
0.0009859367853053246 0.30883
0.0010017013710185052 0.29028000000000004
0.001055576384909032 0.25217
0.0010166690148993656 0.27726
0.0009889891364928164 0.30459
0.000995430196737623 0.29681
0.0009937792441640685 0.29868
0.0009837577991579987 0.31217
0.0009796077988069136 0.31958000000000003
0.001002807706095274 0.28920999999999997
0.0009843119086887144 0.31129
0.0009941359036385678 0.29827
0.0010307361431452081 0.26711
0.0009765184742306411 0.32666
0.0009952577256082003 0.297
0.001004408684495471 0.28769
0.0009770577344781295 0.32527
0.0010298378925425171 0.26771
0.0010389036311066104 0.26185
0.0010133327868080556 0.27992
0.000998610034366348 0.2934
0.000992193014661534 0.30055
0.0010250487137698275 0.27103
0.000977033558635854 0.32533
0.0010289158317742676 0.26834
0.00099851431682524 0.29349000000000003
0.0010191679814575728 0.27534000000000003
0.0009864024851363286 0.30815
0.0009996588191009742 0.29231999999999997
0.0010005498231562906 0.29141999999999996
0.0009965661489717591 0.29556
0.0009750236100141534 0.33104
0.0009925173674425428 0.30016
0.000997084800575169 0.295
0.0009755218385634324 0.32947
0.000986302630723176 0.3083
0.001024943565488811 0.2711
0.000994862512194128 0.29745
0.0010143848446054812 0.27907
0.0010007093800338729 0.29125999999999996
0.0009767909147706687 0.32595
0.0010122220966297536 0.28084000000000003
0.0010005794173521209 0.29139
0.0009801253087854509 0.31856
0.0010004587491591699 0.29151
0.000986288580539406 0.30832
0.0009932712061043948 0.29927
0.0009971805198241601 0.2949
0.0009971647488534318 0.29491999999999996
0.001003093753908092 0.28894000000000003
0.0009895374109465368 0.30387
0.0009930546848782884 0.29953
0.001068154822176207 0.24561
0.0010069108516263345 0.28541
0.0009958088916975272 0.29639
0.00104887958683996 0.2559
0.0009885444107928432 0.30518
0.0010101166147285393 0.28261
0.0009910764271633915 0.30191999999999997
0.000981227291607158 0.31648000000000004
0.0009966580194116306 0.29546
0.0009895379400107233 0.30387
0.0010052623111528054 0.2869
0.0009913036059586615 0.30164
0.0009902723850923364 0.30293000000000003
0.0010174547731345723 0.27665
0.0009975153480001509 0.29454
0.0010094155325711418 0.28321
0.0010189450556703883 0.2755
0.0010193935165103822 0.27516
0.0010047064032213387 0.28742
0.0010003215382221604 0.29165
0.0010010265862735422 0.29094000000000003
0.0010181408371180945 0.27612
0.0010025786499571075 0.28943
0.00099292541616631 0.29968
0.0010059230660188294 0.2863
0.0010296232981879124 0.26786
0.0009988563894611925 0.29314
0.0010071607520964272 0.28518000000000004
0.0009789664804079673 0.3209
0.000989769652286413 0.30357
0.0009884620716682094 0.30529
0.0009892352674754643 0.30427
0.0010055826189079196 0.28661
0.0009867189120120765 0.3077
0.0009790137187425973 0.3208
0.001018459748773776 0.27587
0.0010243363956402394 0.27153
0.0009750008109153037 0.33111999999999997
0.0009883356530333521 0.30546
0.0009795448242285087 0.31971
0.00100960454948086 0.28304
0.0009854695865223813 0.30951999999999996
0.0009871168255890992 0.30714
0.0010038599601094743 0.28820999999999997
0.0009774099564931846 0.32441
0.0010304420299500213 0.2673
0.0010025988910268215 0.28941
0.0009963358123009068 0.29581
0.0009802706016143645 0.31827
0.000998736083529193 0.29325999999999997
0.0009854181348405034 0.3096
0.0009931346618110317 0.29943000000000003
0.0010184330691750895 0.27589
0.0009801377431221813 0.31853000000000004
0.0010021952839373235 0.2898
0.0009859930272193593 0.30875
0.0009967808201810967 0.29533000000000004
0.0009799344874025094 0.31893
0.0009950469878430709 0.29724
0.0010077087295682786 0.2847
0.000986974717202836 0.30734
0.0010130774668458196 0.28013000000000005
0.0009865376297247285 0.30796
0.0009823242946217 0.31454
0.001035748664618288 0.26383
0.0010244204635219522 0.27147
0.0009765093801334397 0.32668
0.0010106254234229545 0.28217
0.0010055329532920824 0.28665999999999997
0.00102096560967594 0.27399
0.0009921650769224048 0.30059
0.0009872629607838388 0.30693000000000004
0.0010182308744302619 0.27605
0.0009822778682905325 0.31461999999999996
0.0009837891213518486 0.31212
0.0009837126034513818 0.31224
0.001003502819581276 0.28855
0.0009771480433436867 0.32505
0.0010111475050246306 0.28173000000000004
0.0009975814381365936 0.29447
0.0010014273068510826 0.29055
0.000994591209863207 0.29775
0.0009901121583451064 0.30313
0.0010202335117948003 0.27453
0.0010233805233438515 0.27221999999999996
0.0009920971045091814 0.30067
0.000996208388861578 0.29595
0.0009742641505197343 0.33373
0.0009744586026720716 0.333
0.0010027643015783467 0.28925
0.000990313064966657 0.30288000000000004
0.0010232979716826723 0.27228
0.0009740294147219214 0.33466
0.0009762021498278705 0.32750999999999997
0.0009888123707968229 0.30482
0.0009766659087447793 0.32627
0.0010154426621432871 0.27821999999999997
0.0010085962903417943 0.28392
0.0009761823543258428 0.32757
0.0009860294859660767 0.30869
0.0010278582681417273 0.26905999999999997
0.0009893794401229247 0.30408
0.0009847078101898523 0.31067
0.0010122100801550529 0.28085
0.000983321629761861 0.31287
0.0009795754473289364 0.31965
0.0009886452366118675 0.30505
0.0009879954245314603 0.30591999999999997
0.000998559021989919 0.29345
0.0009890037373739566 0.30457
0.0009935561855415427 0.29894
0.0009968967072505996 0.29521
0.0009795368294386356 0.31972
0.0010456590645927949 0.25777
0.0010112754675856786 0.28162
0.0010470171042333502 0.25698000000000004
0.0009976460868198233 0.29441
0.0009880119289430354 0.3059
0.0009838986782480642 0.31194
0.0009837115768239616 0.31224
0.0009916742729198572 0.30118
0.001012569070889785 0.28055
0.0009995085961832662 0.29247
0.0009757873386466638 0.32869
0.001025734863527027 0.27054
0.0010074196049094362 0.28495
0.0010071127822185986 0.28523000000000004
0.001019658006096199 0.27497
0.0010170063946524897 0.277
0.0010087327815010215 0.2838
0.0009803740900229143 0.31808000000000003
0.0010111223598638962 0.28175
0.0009839320740015855 0.31189
0.0010080706288276816 0.28438
0.0010014854268670724 0.29049
0.0010049467530201868 0.28719
0.0010499294585472043 0.25531
0.0010123169319544336 0.28076
0.000987396072422229 0.30675
0.0010164296645915752 0.27745
0.000994324301915127 0.29806
0.000973140298256799 0.33887
0.0010131430886428034 0.28008
0.0010360280069030984 0.26365
0.0010057277003388764 0.28648
0.0010098097624343975 0.28286999999999995
0.001010255128021184 0.28249
0.0009900113355623187 0.30326
0.0009914490674884581 0.30146
0.0010033010804616676 0.28874
0.0009970223848540197 0.29507
0.0009961593559214927 0.29601
0.0010002391928352892 0.29173000000000004
0.0009842529664219643 0.31138000000000005
0.0009866457104407771 0.3078
0.000996106418381445 0.29606
0.000986905414918086 0.30743000000000004
0.0010071736619836778 0.28517
0.0010101848366824385 0.28255
0.0009765049147785734 0.32669000000000004
0.0010046691787737635 0.28745
0.0009863441926241602 0.30824
0.0009773894042092435 0.32445999999999997
0.0010081353357686963 0.28431999999999996
0.0009858028884203052 0.30903
0.0009882751945460683 0.30554000000000003
0.0009845986897526141 0.31084
0.0010044017193692543 0.2877
0.0009930448823891906 0.29954000000000003
0.000987621358883186 0.30643000000000004
0.0009905806835838109 0.30254000000000003
0.0009976612118312654 0.29439
0.0009994485312681209 0.29253
0.0010085367979469685 0.28397
0.0009986838970781153 0.29331999999999997
0.0010221552772959272 0.27310999999999996
0.0010017504696172017 0.29023000000000004
0.0009851342218813782 0.31001999999999996
0.0010016513786277293 0.29033000000000003
0.0009983960816064398 0.29362
0.0010020987122649737 0.28989000000000004
0.0009934771116993524 0.29903
0.0010034223090299918 0.28862
0.0010185449171014056 0.27581
0.0009808474631822666 0.31718
0.0009923339205084327 0.30038000000000004
0.0009938814184515673 0.29856
0.0010056339777948235 0.28656
0.0009919146627590722 0.30089
0.0009906649302239396 0.30243000000000003
0.000986813146541486 0.30756999999999995
0.000984274550077445 0.31135
0.001019716572818464 0.27492
0.0010023910027695188 0.28961
0.0010037870361640374 0.28828000000000004
0.0010311017206152 0.26686
0.0009817907191575074 0.31547
0.0009920896579497366 0.30068
0.000993530904509231 0.29896999999999996
0.0010027424877381969 0.28926999999999997
0.0010544338220292745 0.25279
0.0009867569672498265 0.30765
0.0009883179658179491 0.30548000000000003
0.0009840088365088444 0.31177
0.0009786795386133053 0.32152
0.0009848782396400856 0.31040999999999996
0.0009821202568814 0.3149
0.0010039376644193 0.28814
0.0009990696114369612 0.29291999999999996
0.0009951047013829178 0.29717
0.0009859022429930468 0.30888000000000004
0.0009873232807428387 0.30685
0.0009840695612361042 0.31167
0.0009941956442457165 0.2982
0.0010127829538162567 0.28037
0.0010130400131623991 0.28015999999999996
0.0010097188797201675 0.28295
0.0010049432313655353 0.2872
0.001015135147759853 0.27847
0.0009823986264319855 0.31442
0.0010042131981251225 0.28788
0.000975498189318401 0.32955
0.0009991384032544727 0.29285
0.0009899320321047538 0.30336
0.000992854669581875 0.29975999999999997
0.0010434199649505419 0.2591
0.0009801218176829277 0.31856
0.0009977862776330583 0.29425999999999997
0.000988506713071925 0.30523
0.0010231358100938203 0.2724
0.0009962546751463431 0.2959
0.0009966421770893476 0.29548
0.0009823454357457309 0.31451
0.0009797110393826702 0.31937
0.0010160113890646783 0.27776999999999996
0.0009880330664615352 0.30587
0.001006769427342077 0.28553
0.0010302315214207375 0.26745
0.0009873863418539798 0.30676
0.0009968354637064512 0.29527
0.000982739704321 0.31384
0.0009868308428655985 0.30754000000000004
0.0010063865345956362 0.28588
0.001002029651740544 0.28996
0.0009935621016480959 0.29893000000000003
0.0010192337562049637 0.27529000000000003
0.001039341603268088 0.26156999999999997
0.0010303642406255776 0.26736
0.0009762750699780119 0.32731
0.0009947454159434938 0.29758
0.001055739224717182 0.25208
0.0009955120842220977 0.29672
0.0010475863936175276 0.25665
0.001035501536801289 0.26399
0.0010052651211895595 0.2869
0.0009836037386272926 0.31240999999999997
0.0009895199205172032 0.30389
0.000998757491462494 0.29324
0.0009796098590830508 0.31958000000000003
0.0009851556907291715 0.30999
0.0009953456293950282 0.2969
0.0009845683822310035 0.31089
0.0010005927984253018 0.29138000000000003
0.00099676909252838 0.29534
0.0009922110036029257 0.30053
0.000974399689249567 0.33321999999999996
0.00099384491359201 0.29861
0.0010051040953428718 0.28705
0.0010153097237601346 0.27833
0.0010146029330988452 0.27889
0.0010049609417322406 0.28718
0.0009818264165679564 0.31540999999999997
0.001001194710271552 0.29078000000000004
0.0009796045923515496 0.31959
0.0009902270335888411 0.30299
0.0009983555324800473 0.29366
0.0009891248110942264 0.30441
0.0009752026255612918 0.33046
0.001031416318538069 0.26665
0.0009869454744513648 0.30738000000000004
0.0010069064304866605 0.28541
0.0010168638215322981 0.27710999999999997
0.0010029439063451043 0.28908
0.0010036338377346935 0.28841999999999995
0.0009759024837359053 0.32835
0.0009863914487966787 0.30817
0.0009902985933153273 0.30289
0.0010179101285082877 0.2763
0.0009772518228513976 0.32479
0.0010197816634638492 0.27487
0.0010076038845313689 0.28479
0.0009964298712979017 0.29571
0.0010266825558231233 0.26988
0.0009975753072163176 0.29448
0.0009817345499233802 0.31556999999999996
0.0010161149512917245 0.27769
0.0009753428433211245 0.33002
0.0009809356392815433 0.31701999999999997
0.0009779960554306918 0.32303000000000004
0.0009812748933413276 0.3164
0.0009722027422460357 0.34781
0.000983057562782193 0.31331
0.001020568854802619 0.27428
0.0010098092510183348 0.28286999999999995
0.0009754695714623263 0.32963000000000003
0.00105236443357759 0.25394
0.0010082484367118067 0.28422
0.0009939211756895632 0.29852
0.001011472784806554 0.28146
0.0009834020289212237 0.31274
0.0010071337590063362 0.28520999999999996
0.0009884725060740004 0.30528
0.0010331302694106253 0.26552
0.0009910697168912645 0.30193000000000003
0.001032435747990714 0.26598
0.0009866887895111191 0.30774
0.001004998611937267 0.28715
0.0009832651942877583 0.31296999999999997
0.0009802652407595364 0.31829
0.0009921998120356915 0.30055
0.0009985828215286503 0.29341999999999996
0.0009814533172019045 0.31606999999999996
0.000998543192192111 0.29346
0.0009989336730625172 0.29306
0.0010005839312867686 0.29139
0.0009978150780428445 0.29423
0.0009803007652942773 0.31822
0.0009986230154153885 0.29338000000000003
0.0010381064260705504 0.26234
0.000990355096535454 0.30282
0.0009915738456068557 0.30130999999999997
0.000999427370977848 0.29255
0.0010068662246447418 0.28545
0.000993930672847142 0.29851
0.0009808481840986381 0.31718
0.0010075350727885562 0.28485
0.0009920041108516205 0.30078
0.0009936823967635034 0.29879
0.000984071146910545 0.31167
0.0010288318563079991 0.26839
0.0010011769651778934 0.2908
0.0009858025400121826 0.30903
0.0009896050613289408 0.30378
0.001012315441352144 0.28076
0.000983154375835334 0.31315
0.0009973950893195796 0.29467
0.001001267795327281 0.29070999999999997
0.0010000519025952378 0.29191999999999996
0.0010176406824563729 0.2765
0.001006634965717094 0.28565999999999997
0.0009822203369248674 0.31472
0.0009969343032575997 0.29517
0.000998931119587736 0.29306
0.0009990775183657448 0.29291
0.0009777851311267907 0.32352
0.000998132087116915 0.29389
0.0009977184891019001 0.29433000000000004
0.0009911546045567952 0.30182
0.0010089116361276325 0.28364
0.0009890310109363812 0.30453
0.000983828510256421 0.31205
0.001037580358649589 0.26266999999999996
0.0009818214504238552 0.31542
0.001003397528217621 0.28865
0.000998715788945813 0.29329
0.0009992369148920939 0.29275
0.0010056480888930852 0.28655
0.0010085903831541854 0.28392
0.0009919936815694782 0.30079
0.0010163328716535002 0.27752
0.0009905153090503259 0.30262
0.0009977032910310202 0.29435
0.000993429609401924 0.29909
0.0010572323182385754 0.25127
0.001007816001696631 0.2846
0.0010001559659910486 0.29181
0.000976809956906549 0.3259
0.001020376172206787 0.27443
0.000997984532102146 0.29405
0.0010170584683832924 0.27695
0.00099639438054129 0.29575
0.001003180325166686 0.28885
0.0009802770490622815 0.31826
0.0009789257542310416 0.32099
0.000977444218712658 0.32432
0.0010046004452140373 0.28752
0.0010043655688005276 0.28773000000000004
0.0009744512143704119 0.33303
0.0010018931070676512 0.29009
0.0010154822618765218 0.27819
0.000999658504660746 0.29231999999999997
0.0010042080997149747 0.28788
0.0010436569906398666 0.25895
0.0009801610921593422 0.31849
0.0009961811492670474 0.29598
0.0010263480335479464 0.27011
0.0009901052807004499 0.30314
0.0009899753142234022 0.30330999999999997
0.000991689308172562 0.30116
0.000985027953988203 0.31019
0.0009750007691670537 0.33111999999999997
0.0009987786090556931 0.29322
0.0009998042815795947 0.29217
0.0009788547300207443 0.32114000000000004
0.0009942606299511826 0.29813
0.0009903348030906628 0.30285
0.0010394866401043238 0.26148000000000005
0.0009867915450481168 0.3076
0.0009876282274191334 0.30643000000000004
0.0009927182507230264 0.29993000000000003
0.0010307987492004244 0.26707
0.0010117413459853335 0.28123000000000004
0.0009919819561939388 0.30080999999999997
0.0010268183924836494 0.26978
0.0010081402279045362 0.28431999999999996
0.0010113674293024057 0.28155
0.00097961607919277 0.31956
0.0009751272348635748 0.33071
0.0009867924232794848 0.3076
0.0010315940324886314 0.26654
0.0010122656721247409 0.2808
0.0009780518732204592 0.32291
0.0009937649110410226 0.2987
0.0010028826182062343 0.28914
0.0009819071214383678 0.31527
0.000990629414228613 0.30248
0.0010230814498872714 0.27244
0.000996152314130308 0.29601
0.000998505985202895 0.2935
0.00100775471431682 0.28465999999999997
0.001002221238824343 0.28976999999999997
0.0009816700976466907 0.31569
0.0009907202703757746 0.30236
0.00102744614554782 0.26935
0.0010056099209350604 0.28659
0.0009955944464980337 0.29663
0.0009945993236355928 0.29774
0.0010173280427161935 0.27675
0.0010081076377024749 0.28435
0.0009827664649492442 0.31379
0.001008338822052567 0.28414
0.0010298256703628026 0.26771999999999996
0.0010156045419314518 0.2781
0.0009916156426263934 0.30125
0.0009864891512773092 0.30803
0.0009853030341562187 0.30977
0.0009804468832204228 0.31794
0.0009892894544267757 0.30419
0.0009748715955272266 0.33155
0.0010337095719227982 0.26515
0.0010198332168596452 0.27483
0.00099309783947501 0.29948
0.001027339026749404 0.26942
0.0009888786833375796 0.30474
0.0009914281182166126 0.30148
0.0010087322846968464 0.2838
