0.0010251065570295163 0.26711
0.0011922142398498098 0.21925999999999998
0.001124848531744159 0.23599
0.0008485700952179316 0.37882
0.0008388333933376621 0.39762
0.0008746538991162603 0.34868000000000005
0.0009626272047178481 0.2929
0.0014026975582533629 0.17987999999999998
0.000914495702011923 0.31890999999999997
0.001186296985291978 0.22063000000000002
0.0010235609220049405 0.26766999999999996
0.0009964688243594938 0.27810999999999997
0.0013573229577679671 0.18714
0.0013277009728904123 0.19219
0.0008366870328634213 0.40374
0.0009484939225203288 0.29980999999999997
0.0008370146503710845 0.40271
0.0009968831715918512 0.27795
0.0009598732248892338 0.29420999999999997
0.00108820413967169 0.24636999999999998
0.0009334908673699093 0.30775
0.0011562449000915007 0.22785999999999998
0.0014386399013540416 0.1745
0.0009498619040107772 0.29912
0.0012211857248916205 0.21283000000000002
0.0009326979584988753 0.30819
0.0011879995664354078 0.22024000000000002
0.0009169681944674489 0.31737
0.0010580523585171457 0.25576
0.0008341146941877807 0.41447
0.0009634865085649551 0.2925
0.0008963715107071724 0.33109
0.0013717373051543766 0.18477000000000002
0.0008403862097771266 0.39389
0.0009821708747327744 0.2841
0.0008568876847150609 0.36739
0.000883922755110348 0.34066
0.0010230965735310343 0.26784
0.0009697480372020521 0.2896
0.0009431336020820924 0.30257
0.0010076404873217404 0.27368000000000003
0.0008594228180655821 0.36435
0.001175204503113115 0.22324000000000002
0.0010907678162036117 0.24561
0.0010185796782563946 0.26950999999999997
0.0011517313615581842 0.22899
0.0010928304347973313 0.245
0.0009696396736213544 0.28965
0.0008845543229661502 0.34014
0.0010635915454123735 0.25397
0.0008855552009039061 0.33933
0.0008464868432282462 0.38216
0.001342422533471422 0.18964
0.0008501748663575647 0.3764
0.0010255266611477764 0.26696
0.0008486215158482362 0.37874
0.001072277934395308 0.25122
0.0008677138675288179 0.35535
0.0012000036786288114 0.2175
0.001033667058189381 0.26404
0.0008876782350158508 0.33764
0.0010603978038564675 0.255
0.0010811156656186976 0.2485
0.0012325275376807053 0.21041999999999997
0.0008824988016588935 0.34184000000000003
0.0009357207070589346 0.30653
0.001423531869691603 0.17672000000000002
0.0010442577026571992 0.26036
0.0009060686256225697 0.32435
0.0008542411413410507 0.37076
0.0013070865238109912 0.19585999999999998
0.000880069622149395 0.34389000000000003
0.0008903500390205866 0.33557
0.0008426656521685592 0.38906999999999997
0.0008515383438074249 0.37444
0.0009982915595711241 0.27738
0.001065223936548156 0.25345
0.0012421770177449588 0.20840999999999998
0.0011947733037109558 0.21868
0.000910978459415624 0.32114000000000004
0.0011145612466694074 0.2388
0.0012209032620742802 0.21289
0.0008446556473699001 0.38533
0.00084668407041432 0.38183
0.000956483713916392 0.29585
0.0011679975143825082 0.22496999999999998
0.001273716791989467 0.20212
0.0008586026954478844 0.36532
0.0008637978822380885 0.35944
0.0010162911801509904 0.27037
0.0009541297347677525 0.297
0.0009384492789035724 0.30505
0.0009069657620741583 0.32375
0.0009812276419007857 0.2845
0.0009427548370616615 0.30277
0.0011965335443527962 0.21828000000000003
0.0008359026327859207 0.40643
0.001340501145601009 0.18997
0.0012115900517236313 0.21491999999999997
0.0009461822503747678 0.30099000000000004
0.0009645505212024377 0.292
0.0008646817341087462 0.35849000000000003
0.0008779659833234271 0.34571
0.0011807879311085095 0.22191999999999998
0.0008401080796593847 0.39452
0.000852295574686919 0.37338000000000005
0.0010785340570528487 0.24929
0.0008865098320238735 0.33857
0.0009253830196333784 0.31234
0.0008798426681583658 0.34408
0.0009295520789922653 0.30995
0.0008665081430425303 0.35658
0.0008586729920296268 0.36523
0.0010136876270879244 0.27136
0.0008377976411689474 0.4004
0.0011295548225509293 0.23473000000000002
0.000878519480171434 0.34521999999999997
0.0010112468385410304 0.27229000000000003
0.0014027883329961349 0.17986
0.001119780259623574 0.23736
0.0008339239716196872 0.41565
0.0008995049676493691 0.32885
0.0009274489259180025 0.31115
0.0010822386048212076 0.24816
0.0008414645221909024 0.39152
0.0009629813266204789 0.29274
0.0008393823801481462 0.39625
0.0008330365346101675 0.42508
0.0009018882969954693 0.32719000000000004
0.0011803997325672256 0.22200999999999999
0.0008634617120735987 0.3598
0.0008737831793330529 0.34948
0.0008345431636871663 0.41216
0.0008620857925264525 0.36130999999999996
0.0008385027999796952 0.39848
0.0012207898883117116 0.21291999999999997
0.0008394009464864161 0.3962
0.0013377257603139306 0.19045
0.0008505462722825009 0.37585999999999997
0.0009294151407034253 0.31003000000000003
0.0009019011693299796 0.32718
0.0008528737453227628 0.37259000000000003
0.0009376894713982797 0.30546
0.0008354389641930606 0.40819
0.0009597134665507211 0.29429
0.0009602778420094858 0.29402
0.001290505177928168 0.19892
0.0008616621214314748 0.36178
0.0008729354557380554 0.35026999999999997
0.0008850213765715969 0.33976999999999996
0.000923863862274576 0.31323
0.0011784005906698477 0.22248
0.0013259358690772703 0.1925
0.0008676677923947004 0.35539
0.001145967905756572 0.23045
0.0009178722949022105 0.31682
0.0009003820637161559 0.32823
0.001486564282617119 0.16777
0.0010696979069641094 0.25203000000000003
0.0009492353835178407 0.29944
0.0012074052372180876 0.21584
0.0012211837902805095 0.21283000000000002
0.000877751597879334 0.3459
0.0009615535995550739 0.29341
0.001213031807332543 0.2146
0.0011871152680501317 0.22044
0.0011760744115967374 0.22303
0.001272910426168467 0.20227
0.0008482290922094947 0.37935
0.0008827710085186318 0.34160999999999997
0.0012191786516198438 0.21327
0.0008645872246464283 0.35859
0.0011774369288516933 0.22271
0.0008667732467902126 0.35631
0.0009400716027281821 0.30419
0.0011658854541469115 0.22548
0.001054709361996718 0.25686
0.0010766590717491838 0.24986
0.000893028621617545 0.33354
0.0011203672296472695 0.2372
0.0013410775481691832 0.18987
0.0008466408025309727 0.38190999999999997
0.000835816488533387 0.40674
0.0009107172091267935 0.3213
0.0008386289609203022 0.39815
0.0009870286205223703 0.28202
0.0012878189483828528 0.19943
0.0008363592035782953 0.40483
0.0010386659348104866 0.26229
0.0012505539736394349 0.2067
0.0010407000263288589 0.26158000000000003
0.0009490390164635336 0.29954000000000003
0.0009300491623335367 0.30967
0.0008717625524749914 0.35138
0.0009090955475351079 0.32235
0.0014328658056196701 0.17534
0.0009046513764013482 0.3253
0.0008482488947730032 0.37932
0.001300443910367808 0.19708
0.0009081360652377078 0.32298000000000004
0.0008355410695441203 0.40779
0.0009930020147840366 0.27953
0.000985428994752649 0.2827
0.0010034939963126128 0.2753
0.0010685497420844356 0.25239
0.000859180481594548 0.36463
0.0009090055995126096 0.32241
0.0009726246706212203 0.2883
0.000911234761890704 0.32097
0.0011652009367851563 0.22565
0.0011994520483695431 0.21761999999999998
0.0012273675465571557 0.21151
0.001204603304872135 0.21645999999999999
0.0009639615293550678 0.29228000000000004
0.0008899415079581139 0.33588
0.0008611308678993703 0.36238000000000004
0.0008407364203076516 0.3931
0.0008338885206549582 0.41588
0.000919618714665823 0.31576
0.001133807570674631 0.2336
0.0009674011628788787 0.29068
0.0012424033492541735 0.20836999999999997
0.0009487588078082493 0.29968
0.0008469027522337221 0.38147
0.0008507525745440781 0.37556
0.0008447185800586004 0.38521
0.0009089987618077457 0.32242
0.000869826194199653 0.35325
0.0008548028829461261 0.37003
0.000927477857186744 0.31113
0.0011458832401767768 0.23046999999999998
0.0010247722585939945 0.26723
0.0009211524848409061 0.31483
0.0008646136022490638 0.35856
0.0009395728027215381 0.30445
0.000873223589942145 0.35
0.0009021307458661924 0.32702
0.0010517664571383302 0.25783
0.0010245137485616073 0.26733
0.0008759533258774646 0.3475
0.0012151625315707736 0.21414
0.0008408311847253616 0.39289
0.0008423895332513508 0.38961999999999997
0.0009104557354093128 0.32147
0.0012106423170784872 0.21513000000000002
0.0010083126955468173 0.27342
0.0011729660163583779 0.22376999999999997
0.0011542033781997824 0.22837
0.0008866797575653561 0.33843
0.0010093951905654852 0.273
0.0008505552551765518 0.37585
0.0008429034373088919 0.3886
0.000850034010871025 0.37661
0.0008918596350381579 0.33442
0.0010383442359346204 0.2624
0.0009024285572380224 0.32681
0.0011631867110551179 0.22614
0.0008507274689769478 0.3756
0.0008765950030229821 0.34692
0.0008343827931472985 0.41298
0.00104387748843468 0.26049
0.000980703597883492 0.28473000000000004
0.0008412265720491968 0.39203000000000005
0.0009932009519531848 0.27945
0.0008530061691192143 0.37240999999999996
0.000878738015836972 0.34503
0.0013805513889224555 0.18335
0.0014258961327264263 0.17637
0.0012441951791775235 0.208
0.0008401033583584219 0.39453
0.001047921885915276 0.25911999999999996
0.0008900878269947826 0.33576999999999996
0.0011011921063901894 0.24256999999999998
0.0010227375401389424 0.26798
0.001226561543293689 0.21168
0.0008447631319713221 0.38513000000000003
0.0008532498773462096 0.37208
0.0008415022554176102 0.39145
0.0011053052765457683 0.2414
0.0009419222396205489 0.30321
0.0008454681843793155 0.38389
0.0013602609612460123 0.18665
0.0008540363210076907 0.37103
0.001363119035865914 0.18617999999999998
0.0008661075260490171 0.35699000000000003
0.0008513609812102977 0.37469
0.001128311674451102 0.23506
0.0009521990244054472 0.29795
0.0008984914651361732 0.32955999999999996
0.0011219579234112136 0.23676999999999998
0.0008819879920196207 0.34226
0.0009039305085346698 0.32579
0.001155332738063188 0.22808
0.0008656840812954864 0.35743
0.0008330349197213425 0.43025
0.0009617322490943727 0.29333000000000004
0.0008369878603506876 0.40279
0.0009693381268446148 0.28979
0.0013200394189137122 0.19354000000000002
0.0011520318657250034 0.22891
0.0011056354903834437 0.2413
0.0009328715272638154 0.30809000000000003
0.0011796679883172225 0.22218000000000002
0.0008427831519934933 0.38884
0.0008912662861607683 0.33487
0.0008702454986695158 0.35284
0.0008629588259270397 0.36035
0.0012445636796733026 0.20792
0.0009307461147675973 0.30928
0.0012932745625111157 0.1984
0.00106022676048637 0.25505
0.0010747050144636638 0.25046999999999997
0.0009502712941769707 0.29891999999999996
0.0011738032513147095 0.22357
0.0008627705201236016 0.36055
0.0012237601409054168 0.21228000000000002
0.0008741281665335161 0.34915999999999997
0.0009438139308420207 0.30222
0.0012238843255990522 0.21225
0.00110232350024248 0.24225
0.0009118604801651282 0.32056999999999997
0.000957637237314168 0.29529
0.0011598743509889581 0.22696
0.0011214133087087562 0.23692
0.0010766557823448694 0.24986999999999998
0.00114309321123204 0.23119
0.0010215474647392393 0.26841
0.0008418346541955824 0.39075
0.0008362021635645793 0.40536
0.000852667760042016 0.37287
0.0010422299935906824 0.26106
0.0009320282511668796 0.30856
0.0009655540386481356 0.29153
0.000839959049151559 0.39487
0.0008386007256386596 0.39821999999999996
0.0010456607100153821 0.25988
0.0011815894921854851 0.22173
0.0008519292289754226 0.37389
0.0008521890490810147 0.37353000000000003
0.0008703317111157634 0.35275
0.001222888170161646 0.21247
0.0008478991831874394 0.37987
0.0009146951780484827 0.31878
0.000871469275642446 0.35166
0.0008824917653698229 0.34184000000000003
0.0012585305303147952 0.2051
0.0010802563329863045 0.24875999999999998
0.0008497598531227811 0.37701999999999997
0.0009868826791212424 0.28208
0.0009487369695424459 0.29969
0.0009174432671738815 0.31708000000000003
0.0008643263809497657 0.35886999999999997
0.0008802674471441807 0.34371999999999997
0.0008467249239317856 0.38177
0.0009329788477205696 0.30803
0.0008371677012238855 0.40224
0.000919178959278148 0.31601999999999997
0.0013809191497391835 0.18329
0.0011585642325500154 0.22728
0.0008864546890105741 0.33860999999999997
0.0008748402084544899 0.34851
0.0009733316214873759 0.28798
0.0008404210248954439 0.39381
0.001346751588304751 0.18891
0.0011683508350946725 0.22488000000000002
0.0009632725571275882 0.2926
0.0009986103622702468 0.27725
0.0010266029661305208 0.26657
0.0010151388348938575 0.27081
0.0009641593834778217 0.29218
0.0008627699218008666 0.36055
0.0012475861242744468 0.20731
0.0012045890412487907 0.21646999999999997
0.0009496533355932743 0.29923
0.0011411180327427568 0.2317
0.0008771547762627715 0.34642
0.0008837854619743188 0.34076999999999996
0.0010632003561141196 0.2541
0.001283995158423039 0.20015
0.0008836177828845483 0.34091
0.0008800459798343141 0.34391
0.0008338527888623476 0.41611000000000004
0.000849658834244935 0.37717
0.0009204682438521668 0.31524
0.0012967895238734817 0.19775
0.0010665387648082151 0.25303000000000003
0.0008352108430272116 0.40912
0.0008440135718565824 0.38649
0.0009095035736556848 0.32209
0.0008383026109932785 0.39901
0.0012266327303345535 0.21166999999999997
0.0008805568441313625 0.34347
0.000936765530533651 0.30596
0.0009073504318477656 0.3235
0.0008888720089821508 0.33671
0.0011040163372238428 0.24176
0.0008731050291738045 0.35011
0.0008414903420786175 0.39147
0.0008360103185416642 0.40604
0.0008456742531031242 0.38354
0.0009131587918391734 0.31975
0.0009175487299516286 0.31701
0.0008916516121703651 0.33458000000000004
0.0008753601111600697 0.34803
0.000848253050306019 0.37931
0.0011422761321443367 0.2314
0.0010574529918015267 0.25595999999999997
0.0009468868489004802 0.30063
0.0009264393568799003 0.31173
0.0010645840870969724 0.25365
0.001223039782264159 0.21243
0.0008548177998926631 0.37001
0.0010503671490321082 0.2583
0.0012777627390779713 0.20134000000000002
0.0008484027601808676 0.37908000000000003
0.0010881519084271645 0.24638000000000002
0.0009422508025877914 0.30304000000000003
0.0008477581356276506 0.38009
0.0013486932026362801 0.18858
0.0010997954775430188 0.24297
0.0008882052240420703 0.33723000000000003
0.0011555014846073226 0.22804000000000002
0.0011039382504526764 0.24178000000000002
0.0008947287474445965 0.33228
0.0010274313640039833 0.26627
0.0011250586442866585 0.23593000000000003
0.000983469824137982 0.28354
0.0008491219295443184 0.37798000000000004
0.0010336715593171726 0.26404
0.0008673167637109511 0.35575
0.0009101504763586968 0.32166999999999996
0.0009275362298063525 0.3111
0.0008788576805553071 0.34493
0.0008766744056929469 0.34685
0.0010123833842741903 0.27185
0.0008722103387861807 0.35095
0.0009136255839782703 0.31945
0.0012966257313113735 0.19777999999999998
0.0008756820872656572 0.34774
0.0008579672765320044 0.36608
0.0008401397599229601 0.39445
0.0010192093700997036 0.26928
0.000870411553104025 0.35268
0.0009231093327571208 0.31367
0.0012811150188532044 0.2007
0.0010239795853168208 0.26752
0.0008556562244694842 0.36894
0.0009738306653122479 0.28776
0.0009545217418765486 0.29681
0.0009129618105274194 0.31987
0.0009501877914884706 0.29896
0.001061557542648634 0.25461999999999996
0.0011411381363523837 0.23169
0.000836329104278029 0.40493
0.0013190497271437897 0.19371
0.0008361220020253723 0.40564
0.001281661523960798 0.20059000000000002
0.0009621087918221709 0.29315
0.0008458236350313191 0.38328
0.0008590004080402864 0.36484
0.0008393790645286603 0.39626
0.000982748241094014 0.28385
0.0009872896681148106 0.28191
0.0008523190465177154 0.37335
0.0012800112617884804 0.20090999999999998
0.0012336367608656732 0.21019000000000002
0.0008693167196493697 0.35375
0.0008395780823994144 0.39576999999999996
0.0008984493743654233 0.32959
0.0014820691635828447 0.16838
0.0009258624103040846 0.31206
0.0009626379746984187 0.2929
0.0008487977681557522 0.37847
0.0008331055487046043 0.4235
0.0009883689652252523 0.28146
0.0013009460465548566 0.19699
0.0013611022443045593 0.18650999999999998
0.0009277345662539917 0.31099
0.0010269480607617842 0.26644
0.0009034232451398545 0.32613000000000003
0.0013733711165356205 0.18450999999999998
0.0012089177587117116 0.21550999999999998
0.0012988958119738274 0.19735999999999998
0.0010036371013350022 0.27525
0.0013860048011476638 0.18249
0.000999028386480237 0.27708
0.0008849355227420403 0.33983
0.000847541402640662 0.38044
0.0011229980745884902 0.23649
0.0008843316905375554 0.34033
0.0009262280139377561 0.31185
0.0008778502858343605 0.34581
0.001023840886841997 0.26757
0.0009735464991941315 0.28789000000000003
0.0008475892688021415 0.38036
0.0008332190384650226 0.43363
0.0008455784289413946 0.3837
0.0013932994482711277 0.18134
0.0008501330240312492 0.37646999999999997
0.0009097883084545448 0.3219
0.000905858758097685 0.32449
0.0010609251312811408 0.25483
0.00094292891642275 0.30268
0.0012691353924865726 0.20301
0.0009589718511749777 0.29464
0.001034457059403825 0.26376
0.0009647987077688728 0.29189
0.0009364025439622519 0.30616
0.00092520950655426 0.31244
0.0008472448706719998 0.38092
0.0008677308690098317 0.35533000000000003
0.0008366688573539482 0.4038
0.0008917261448153884 0.33452
0.0008424665445151266 0.38947
0.0012652600878302507 0.20377
0.0010836666797088208 0.24773
0.0008398512590491529 0.39511999999999997
0.0012019036082677353 0.21706999999999999
0.0008595688783773566 0.36418
0.0011679307266928875 0.22499
0.0010692220594537229 0.25218
0.0009147411426676621 0.31875
0.0008427995376749911 0.38881
0.0012846347548035812 0.20002999999999999
0.001013897722324984 0.27128
0.0009587609043732009 0.29475
0.0011383475275897384 0.23240999999999998
0.0013890247328618576 0.18200999999999998
0.001025119923854122 0.2671
0.0008724821003306879 0.3507
0.0012437148300253227 0.2081
0.0011924482443512114 0.21921
0.001262708202471196 0.20427
0.0009316221735360342 0.30879
0.0012757575716320193 0.20172
0.0013127666333584264 0.19484
0.0012177301127925025 0.21358000000000002
0.0008633670629683743 0.3599
0.000834368935259417 0.41305
0.0009083103736816991 0.32287
0.0010845260664849668 0.24747
0.0008636763985638101 0.35957
0.001011298488939602 0.27226999999999996
0.0009847605452348563 0.28298
0.0010369171997160846 0.2629
0.0010379191259180136 0.26255
0.0010776383067498646 0.24956
0.001287470834894697 0.19949
0.0008354004786080684 0.40834000000000004
0.00126831163229967 0.20317000000000002
0.0009061625074628435 0.32429
0.0010405197696110797 0.26164
0.0012045312455342936 0.21648
0.000967565453700584 0.2906
0.0009057859171022501 0.32454
0.0009297828029990841 0.30982
0.0009754389503128914 0.28704
0.0010885716688354002 0.24625999999999998
0.0008567336717826045 0.36759000000000003
0.0010838657236234054 0.24766999999999997
0.0012883420911465424 0.19933
0.0009141100175569764 0.31915
0.0008449515554860198 0.3848
0.0009603714502181994 0.29397
0.000852141958922876 0.3736
0.000918419187754463 0.31648000000000004
0.0009171076742571846 0.31729
0.0008430097312617786 0.3884
0.0008544609202568079 0.37048000000000003
0.0010627089457016662 0.25425
0.0009617841938567638 0.2933
0.0009023876610566503 0.32684
0.0012722451687333068 0.2024
0.0010965427083309018 0.24391
0.0010256853008009696 0.2669
0.0009041033186017089 0.32566999999999996
0.0008910702018190937 0.33502
0.0008859853947790092 0.33899
0.0011789602604196795 0.22235
0.0009809193525134312 0.28464
0.0008377972842656664 0.4004
0.0009403650606681533 0.30403
0.000987430522230622 0.28185
0.0009510022852119848 0.29855
0.0008491347614423551 0.37796
0.0011005036219705066 0.24276999999999999
0.0011296390037497475 0.23471
0.0009696781177418273 0.28963
0.001062215937363146 0.25440999999999997
0.0009470250136481226 0.30056
0.0008646139990747954 0.35856
0.0009161909994498935 0.31785
0.0008546300269597022 0.37026
0.0008562150071870139 0.36823
0.0009988261801250112 0.27716
0.001333670077630409 0.19115
0.0011800946498264876 0.22208000000000003
0.0011527627899370315 0.22873000000000002
0.0009062491593987287 0.32423
0.0009387182470759293 0.30491
0.000842446034998696 0.38950999999999997
0.0008858167947314205 0.33912
0.000958888535248156 0.29468
0.0010911362911695834 0.2455
0.0009886620895643173 0.28134000000000003
0.0008859053461535141 0.33905
0.001306451755476848 0.19598
0.0013137400696660027 0.19466
0.00083997386466423 0.39483
0.0012287576903192187 0.21122
0.000838718673006258 0.39791
0.0012369028583506729 0.20951
0.0009787554917845564 0.28558
0.0008760937453011861 0.34736999999999996
0.0008477911586905598 0.38004
0.0008550082226140251 0.36977
0.0008853766605088179 0.33948
0.0010999571283427595 0.24291999999999997
0.0009041308649212329 0.32565
0.0009117775646621987 0.32061999999999996
0.0008980233577836419 0.3299
0.0014239776833539814 0.17665999999999998
0.000918296192681317 0.31656
0.001059095938398961 0.25542
0.0008495147448685616 0.37738
0.0010753216580052663 0.25028
0.0009049767246689479 0.32508000000000004
0.000987104921749086 0.28199
0.0008953060516090572 0.33186
0.0008852775755567192 0.33956
0.0008526826339819645 0.37285
0.0008735331493089127 0.34970999999999997
0.0008637515759649765 0.35949000000000003
0.001175576058447394 0.22315
0.0010774075955936198 0.24963000000000002
0.0009281247526934345 0.31076
0.001171014876495884 0.22424000000000002
0.0012500697883338224 0.2068
0.0013530193421026748 0.18785
0.001160310073181084 0.22685
0.00088732105656131 0.33793
0.0008354487731220215 0.40815
0.0010333076266008298 0.26416999999999996
0.0009898602813866878 0.28083
0.0008687344705839553 0.35431999999999997
0.0008978389097225801 0.33003000000000005
0.0009573480772915747 0.29543
0.000907242794924204 0.32356999999999997
0.0009234461920550701 0.31346999999999997
0.0008512009571219104 0.37492
0.0009346264900891594 0.30713
0.0008361443774451776 0.40557
0.0008786606212834029 0.3451
0.0009472465261920103 0.30045
0.0008968793672844927 0.33071999999999996
0.000853504876773065 0.37174
0.0009584530782918818 0.29489
0.0009174194185642493 0.31709
0.0008465403771783139 0.38206999999999997
0.000909962959751856 0.32179
0.0009824986075529234 0.28395
0.0011862057479285347 0.22065
0.000901778457997512 0.32726
0.0008894277562227124 0.33628
0.0012540290665236835 0.206
0.0008554293420989887 0.36923
0.0009131248450769904 0.31977
0.0008432451092325515 0.38794
0.0012059458595310984 0.21616999999999997
0.0011059702452713613 0.24120999999999998
0.0008648537039195733 0.35831
0.0009794071303525155 0.28529
0.0013083001959490715 0.19564
0.0009125604802413672 0.32013
0.0009157735451200341 0.31811
0.0010971019080924 0.24375
0.0009165565559647927 0.31761999999999996
0.0009118146575876291 0.3206
0.0008922813285154359 0.3341
0.0012322542626812389 0.21048000000000003
0.0009726178479943634 0.2883
0.0008623838401775068 0.36098
0.0011860779081889134 0.22068000000000002
0.0010221240124332317 0.2682
0.000864515987402654 0.35867
0.0010828830998406366 0.24795999999999999
0.0009909375770630325 0.28039000000000003
0.0009753908060649859 0.28706
0.0009857064088363962 0.28258
0.0008446773775195393 0.38529
0.0008445198939040018 0.38556999999999997
0.000910762991953183 0.32127
0.0009152831134073123 0.31840999999999997
0.0010333278134821776 0.26416
0.0008592782107253976 0.36451999999999996
0.0008388796052018892 0.3975
0.000845745381374029 0.38341
0.0009980817429345134 0.27746
0.001176907146624665 0.22283000000000003
0.0008763291621663636 0.34715999999999997
0.000853185721625527 0.37217
0.0009825371767523184 0.28394
0.0008794639065647548 0.34441
0.0008634614989254079 0.3598
0.0008657628052837923 0.35735
0.0013234405313849462 0.19294
0.0008794168230889148 0.34445
0.000843949639050527 0.38661
0.0012520520202462747 0.2064
0.001030956107737457 0.265
0.0009844997623642449 0.2831
0.0009353864745896939 0.30671
0.0009085413170049845 0.32272
0.0014967294844954705 0.16641
0.0008368562331184958 0.40321
0.0008648397238655666 0.35831999999999997
0.001216365169520478 0.21388000000000001
0.000871119440177347 0.35199
0.0010328544732044888 0.26433
0.0008607919869490872 0.36277
0.0009047291539020287 0.32525
0.0009003642774934108 0.32824000000000003
0.0011808662522741493 0.2219
0.0008341148173819521 0.41447
0.0010954170295573125 0.24424
0.0012953769219339157 0.19801
0.0010778512315120228 0.2495
0.0009724105565812544 0.2884
0.0011973661316847905 0.21809
0.0010140017934712152 0.27124000000000004
0.0008330925235339314 0.43163
0.0009867079157669242 0.28215999999999997
0.0008538994459436756 0.37121
0.0011920496042900337 0.2193
0.0009712559318035986 0.28891999999999995
0.000833248454800105 0.42138000000000003
0.0010961309963229613 0.24403000000000002
0.0008475869975059861 0.38037
0.0009146393299670121 0.31882
0.0008725894504294331 0.35059
0.0009087460857647065 0.32258000000000003
0.0008911299045588028 0.33497
0.0008339089570087865 0.41573999999999994
0.0008480866094975789 0.37956999999999996
0.0014183994980501802 0.17749
0.0011941478852832631 0.21882
0.0012063098026992413 0.21608000000000002
0.0013015170918043153 0.19688
0.001232579585590372 0.21040999999999999
0.0009268282964709632 0.31151
0.0009157190586854061 0.31814000000000003
0.00085454989917467 0.37035999999999997
0.0008474560551237289 0.38058000000000003
0.001081591044168796 0.24836
0.0012110072548810738 0.21505
0.0009069199896995691 0.32378
0.001143655365254877 0.23104
0.001098011107120983 0.24349
0.0008799237074774614 0.34401
0.0008557287501974986 0.36884
0.0008497383762151243 0.37705
0.0011628783371966556 0.22621999999999998
0.0009849647043633381 0.2829
0.000922219940575571 0.3142
0.0008644081925027003 0.35878000000000004
0.0008415436460890775 0.39136
0.001402677727418591 0.17987999999999998
0.0008580096450464984 0.36603
0.0012572765558632117 0.20535
0.0008686420208116709 0.35441999999999996
0.0009604110580866722 0.29396
0.0009740039027037146 0.28768
0.0008613112335900188 0.36218
0.0010533727926211964 0.2573
0.0010146724872132867 0.27098
0.0010157007651453622 0.27059
0.0011596345985113853 0.22701999999999997
0.00098423064392584 0.28321
0.0008378186441474275 0.40034000000000003
0.0013071762369249928 0.19585
0.0011694521481515241 0.22462
0.0010911202252103715 0.2455
0.0011097115451679225 0.24015
0.0009221463682967931 0.31424
0.0011524392955789369 0.22880999999999999
0.001299029817247611 0.19734000000000002
0.000833111853710332 0.42338000000000003
0.0009665600917691355 0.29107
0.001058918325986671 0.25548000000000004
0.0009586414233324064 0.2948
0.0009982876595075237 0.27738
0.0010288185111834828 0.26577
0.0008399331487335789 0.39493
0.0009863924857438369 0.28229
0.0014358434724806688 0.17490999999999998
0.0009702278234991026 0.28938
0.0008595252455377019 0.36423
0.0008499787801311391 0.37669
0.0008459521323776575 0.38306
0.0010389416241758348 0.26219000000000003
0.0011078815903323629 0.24067
0.0010317058489596226 0.26473
0.0012122308903263466 0.21478000000000003
0.0008903459309490249 0.33557
0.0009731548962787295 0.28806
0.0008415442104862965 0.39136
0.0009972783836338542 0.27779
0.0009834427013733838 0.28355
0.0009300549127084816 0.30967
0.000880180175125255 0.34379
0.0012603520448932171 0.20474
0.0008384586149080317 0.39859
0.0008812315688415507 0.3429
0.0008529815758616424 0.37245
0.0008419269686084852 0.39056
0.0008627816766494441 0.36054
0.0009295815936770758 0.30994
0.0010943025806435093 0.24456999999999998
0.000891183269737996 0.33493
0.0011589851130142988 0.22718000000000002
0.0009017135721928739 0.32731
0.0009488895062009376 0.29961
0.0010490432026899574 0.25874
0.0008529208409638132 0.37253000000000003
0.0008404727604504871 0.39369
0.0010207673394480833 0.2687
0.0008621009582601058 0.36129
0.0012037681057894393 0.21665
0.0011915321814025934 0.21941999999999998
0.0013659112377570788 0.18572
0.0009029919178441068 0.32643
0.0009370857778086555 0.30579
0.0008403085023549108 0.39405999999999997
0.0012732611306750644 0.20221
0.000837657296792579 0.4008
0.0008877301311174009 0.3376
0.00127139072600141 0.20257
0.0008459611207546204 0.38305
0.0011909596698169472 0.21955
0.001332599865361907 0.19133
0.001248058564669259 0.20720999999999998
0.0010322851523307472 0.26453000000000004
0.0009778551264120227 0.28597
0.0010785098505118897 0.2493
0.0008735564551102905 0.34969
0.0009545257332648965 0.2968
0.0011383996796747269 0.2324
0.0010565505127665478 0.25625
0.0009814093066988156 0.28442
0.0008857720282997801 0.33916
0.0009831901192252069 0.28365999999999997
0.0009140151744937521 0.31921
0.0009308655389231831 0.30921
0.000950699996700102 0.2987
0.0010517560606811166 0.25784
0.0010758174403544052 0.25012
0.0009670372957861348 0.29085
0.001225773208713049 0.21185
0.001115455469810153 0.23855
0.00087729936698288 0.3463
0.0009089329216337964 0.32245999999999997
0.001164721569074143 0.22576999999999997
0.0009764375543843772 0.2866
0.0009405061913283219 0.30396
0.0009446802149496946 0.30177
0.0011558420998711006 0.22796
0.0008360372792176866 0.40594
0.0008462044758478364 0.38263
0.0012180529005403568 0.21350999999999998
0.00090003196387191 0.32848
0.0008441666024911465 0.38621
0.0011163319798907563 0.23831
0.0008400200336932097 0.39473
0.0008438097298802718 0.38687
0.0010904214850044277 0.24570999999999998
0.0010415873682441295 0.26128
0.000924635699630734 0.31278
0.0011756104306492538 0.22314
0.0010651089789094816 0.25349
0.0008667521906960255 0.35633000000000004
0.0009904784284454726 0.28058
0.0011833191719344337 0.22132
0.0008837222260120674 0.34081999999999996
0.0011028099409095358 0.24211
0.0008434987204547107 0.38745999999999997
0.001053926371541537 0.25711999999999996
0.0008340799919831754 0.41468
0.0008429638649923271 0.38849
0.0008653464535331997 0.35779
0.0008785181625592255 0.34523000000000004
0.0010016726345703532 0.27602
0.0013187121016089358 0.19377
0.0011457746005657456 0.2305
0.0013494250104537906 0.18846
0.0009764389225421776 0.2866
0.001286492516054287 0.19968
0.0008331900924609559 0.42213999999999996
0.0008574094200838635 0.36675
0.0009267652688593551 0.31154
0.0009480631363194254 0.30003
0.001292366356746248 0.19857
0.0009321448533363703 0.3085
0.0009821705598080357 0.2841
0.0008868745172698416 0.33828
0.0011481004520348837 0.22991
0.0010745966954316232 0.2505
0.0008331628014395059 0.42253999999999997
0.0010987170129784444 0.24328000000000002
0.0008336325735410905 0.43768999999999997
0.001139526409796627 0.23210999999999998
0.0008660479991051632 0.35705
0.0009112894366290793 0.32094
0.001323245598797402 0.19297
0.0009216972652301007 0.31451
0.0010162736413446337 0.27038
0.001172400284050318 0.22391
0.000979642350689578 0.28519
0.0008876845180899319 0.33764
0.0008542527796777554 0.37075
0.0010925188162545529 0.24509
0.0008362160437267891 0.40531999999999996
0.0008502670207379833 0.37627
0.0009001905644593575 0.32837
0.0008464122956765568 0.38229
0.0009292141704020971 0.31014
0.0011633461464158658 0.2261
0.000909269550992138 0.32224
0.0011888099683647541 0.22005
0.0013236155347879904 0.19291
0.000945901808353056 0.30114
0.0009848618716697783 0.28294
0.00083499698428532 0.41003
0.0011243735892568784 0.23611999999999997
0.0011061148505554538 0.24117
0.0013268715459429673 0.19233
0.000869659409681188 0.35341
0.0008893421355882422 0.33635
0.0011603954523961 0.22683000000000003
0.0008610085405420601 0.36252
0.0009617631082919269 0.29331
0.0010668851851047137 0.25292
0.0010134745918108279 0.27144
0.0008579253140956555 0.36613
0.0014576131912652297 0.17178
0.0013461973085997635 0.189
0.0011315245755277833 0.23421
0.0009664409390176766 0.29112
0.0009410239906519161 0.30368
0.0008711013966004354 0.35201
0.0008462224239878166 0.3826
0.0009302872077408323 0.30954
0.0008728333706052321 0.35036
0.0008448528629047869 0.38497
0.0008417208378592383 0.39099
0.0009636615882147396 0.29241999999999996
0.0011193779384725802 0.23747
0.0008426452382604006 0.38911
0.001259433366253055 0.20492
0.0009026044469880049 0.32669000000000004
0.0011528215054099596 0.22871
0.0008590176123890317 0.36482
0.0009985811162481078 0.27726
0.0008691756138336444 0.35389
0.0008554376833210343 0.36921
0.0009538032571916915 0.29716
0.001061050370235884 0.25479
0.0008420940269298513 0.39021999999999996
0.0009093110448108809 0.32221
0.000900900378776128 0.32787
0.0010373834416792644 0.26273
0.0010015704420067298 0.27605999999999997
0.0010820294903399713 0.24821999999999997
0.0010024236072202096 0.27573000000000003
0.0008952599816151691 0.33189
0.001310397201822658 0.19526
0.0008527668072990971 0.37274
0.0012305784677887044 0.21083000000000002
0.001132882906237004 0.23385
0.0012005646169873285 0.21736999999999998
0.0011037815966415505 0.24183000000000002
0.000877362997372089 0.34624
0.00102110477153896 0.26858000000000004
0.0008417200169645581 0.39099
0.0008898068824299487 0.33599
0.001196330616652005 0.21833000000000002
0.0008499211485613097 0.37678
0.0009296721076388619 0.30988000000000004
0.0009012473144663227 0.32763000000000003
0.0011937302587557096 0.21891999999999998
0.0009105638625394449 0.3214
0.0009144515351024044 0.31893
0.0013036730338380242 0.19649
0.0010536236330882162 0.25722
0.001146872291816763 0.23021999999999998
0.001117137899025797 0.23809
0.0008739990528736388 0.34928000000000003
0.0011823453064176788 0.22155
0.001078104407014046 0.24941999999999998
0.0012153327293730886 0.2141
0.0008351898277121802 0.40921
