0.0009648671729455384 0.31972
0.0010899459404314345 0.24188
0.0010316507814771773 0.26881
0.0009458050655053904 0.35445
0.0010687210724751547 0.25074
0.000997715304069473 0.28995
0.0009949545467788266 0.29198
0.0009798861760259153 0.30426
0.0010129028143002472 0.27975
0.0009815146844192675 0.30280999999999997
0.0009465347809572806 0.35194000000000003
0.0009982685065892723 0.28956
0.0009586848367671929 0.32778
0.0009540861630833371 0.33496
0.0009831115426504804 0.30141999999999997
0.0010265149581522273 0.27166
0.0010018632601314316 0.28702
0.0009546295303040777 0.33404
0.0009795321608476828 0.30458
0.0010355744128317972 0.2667
0.0010003798240893677 0.28806
0.000980954094908548 0.30330999999999997
0.0010364525116820563 0.26624000000000003
0.0009855422852062556 0.29936999999999997
0.0009569635555802334 0.33031
0.0010158828073779337 0.27791
0.0009950947812942664 0.29186999999999996
0.0009838512740620439 0.30079
0.000993940424007342 0.29273000000000005
0.0010772969216013438 0.24705
0.0010327583040961063 0.26821
0.0010708861573534734 0.24979
0.0010451295624899542 0.26178
0.0009645343722437087 0.32011999999999996
0.0009889806807426372 0.29657
0.0010259672297241618 0.27197
0.001047160949875 0.26077
0.0010088816410498357 0.28231999999999996
0.0009623700327312721 0.3228
0.0010102949236832773 0.28141
0.0010310674794342125 0.26913000000000004
0.0009632031508444971 0.32175
0.0009852223949776634 0.29964
0.0009783373915466203 0.30567
0.0010210845740806823 0.27479000000000003
0.0009935824100697943 0.293
0.0010170231229031166 0.27721
0.000984874590242795 0.29993000000000003
0.001080034123339477 0.24591
0.0009535631746428105 0.33588
0.0009532729677794615 0.33639
0.0009489361571489736 0.34531999999999996
0.000998196797846754 0.28961
0.0009539976767538906 0.33512
0.0010116655422421992 0.28053
0.0009574557657996106 0.32957
0.000960118623816972 0.32577
0.001009688642999865 0.2818
0.001040567678218105 0.26409
0.000960986401913195 0.32461
0.0010411277937294578 0.26381
0.0009593043526246768 0.3269
0.0010128942901991194 0.27976
0.0010411163533303256 0.26381
0.0010311064014677746 0.26911
0.0009613808279787845 0.32408000000000003
0.0011242759984615737 0.22918000000000002
0.0009530672768435753 0.33676
0.0009701557699847012 0.31376
0.0009823708437093066 0.30206
0.0010119473489503717 0.28035
0.0009993771272566545 0.28876
0.0009786073050773436 0.30541999999999997
0.00101759435880769 0.27687
0.0009901781830519327 0.29562
0.0010018625557052733 0.28702
0.0010123084729923208 0.28013000000000005
0.000991353515562014 0.29470999999999997
0.0009619459332536749 0.32335
0.0009702431346032857 0.31366
0.0009627574774472373 0.32231
0.0010012462600011722 0.28745
0.0009642614073890125 0.32045
0.0009642574020568062 0.32045
0.000958261072131462 0.32839
0.0010547098326121622 0.25711999999999996
0.0009755608350908757 0.30829
0.0009920960721900868 0.29414
0.0009733405341690751 0.31046999999999997
0.001112204774530461 0.23345
0.0009585660082809901 0.32795
0.0010048441187650134 0.28499
0.001162638117267194 0.2168
0.001028991884847549 0.27026999999999995
0.0010795619499221652 0.2461
0.0009904095955897358 0.29544000000000004
0.0009905633758953134 0.29531999999999997
0.001027742880929585 0.27097
0.001002636609065421 0.28649
0.001054506190728213 0.25722
0.0010232270491516576 0.27354
0.000966884583170975 0.31736
0.0010485520861838388 0.26009
0.001029170859609155 0.27016999999999997
0.0009982800703709654 0.28955
0.0010864622860308156 0.24327
0.0009939608615679844 0.29272
0.000960034548836622 0.32589
0.0009604782736532843 0.32529
0.0009568047477639418 0.33055999999999996
0.001025492742836883 0.27224
0.000961685303086932 0.32369000000000003
0.0010306456844123312 0.26936
0.001016847540692444 0.27731999999999996
0.00100246978795556 0.2866
0.0009738322420317544 0.30998000000000003
0.0009670253444567095 0.3172
0.0010466207900374533 0.26104
0.001069917419457944 0.25021
0.0009502579986566005 0.34231
0.0010470257714154023 0.26084
0.000968223062920233 0.31586
0.001026476716694618 0.27168000000000003
0.0009864946040191319 0.29858
0.0009837745757437847 0.30086
0.0009826382740016687 0.30183000000000004
0.0009573159893208013 0.32978
0.0010180853235580507 0.27657
0.0009767669952126896 0.30714
0.0009560086618841104 0.3318
0.0010620215725648217 0.25373
0.0009525175130727463 0.33778
0.000954728388656113 0.33388
0.0010548864413206707 0.25704
0.0009513930643195442 0.33995
0.001018082505477823 0.27657
0.0010675541367399061 0.25125
0.000972245435253828 0.31158
0.001033743956858095 0.26768000000000003
0.0010381233307161695 0.26536
0.0010661551101444646 0.25187
0.001026887926920027 0.27145
0.001006069305717184 0.28417
0.0009615214698256925 0.3239
0.0010837203762244893 0.24439
0.0010486524765829551 0.26004
0.001009493170656503 0.28192
0.0010143889256968978 0.27883
0.0009593772854273661 0.3268
0.0009791891623987842 0.30489
0.0009472534316038313 0.34975
0.0009599785885540393 0.32597
0.0010945222901348236 0.24008000000000002
0.0010495283074100964 0.25961
0.0010274551516706904 0.27113000000000004
0.0009563572589340848 0.33125
0.0010655324400503086 0.25215
0.0009492768297333103 0.34451
0.0010090710824836664 0.28219
0.001000040995482757 0.28829
0.0009595063118484345 0.32661999999999997
0.0010801226008424697 0.24586999999999998
0.0010452198394628083 0.26174000000000003
0.0009727345257911625 0.31108
0.001000392013422523 0.28805
0.0009874285023978302 0.29782
0.000992857226532608 0.29355
0.0009617458281486755 0.32361
0.0009805223626138933 0.30369
0.000995278247030853 0.29174
0.0010826217074780386 0.24484
0.0011025309916948734 0.23701
0.0010491557144238866 0.25979
0.0010458921108488374 0.2614
0.0010168758672251107 0.2773
0.0010730816512442428 0.24884
0.0010305422913286383 0.26942
0.0009859504223232517 0.29903
0.0010792988966120678 0.24620999999999998
0.0010185449046300676 0.27629000000000004
0.0010034878927724358 0.2859
0.0009976358441978522 0.29001
0.001018490396580885 0.27633
0.0009791068326149926 0.30496999999999996
0.0010123095088800014 0.28013000000000005
0.0009569645261145939 0.33031
0.0010191292596502307 0.27594
0.0009552866074188121 0.33295
0.0009634666383410189 0.32142
0.0009723954278838022 0.31143000000000004
0.0009602238886723314 0.32563000000000003
0.0010713144520259391 0.24961
0.0009484029311484361 0.34664
0.0009936561421360745 0.29295
0.00101431387435742 0.27887
0.0010466511235555519 0.26102
0.0010224963654189695 0.27396
0.0009970028704391779 0.29047
0.0010698106557955542 0.25026
0.0010211934626649548 0.27471999999999996
0.0009636215685269932 0.32123
0.0010247456800222808 0.27266999999999997
0.0010277872192134363 0.27094
0.001045795194128914 0.26145
0.0010426859167850205 0.26300999999999997
0.0009452395917729892 0.35667
0.0009756839652527875 0.30817
0.0009654258052370035 0.31905
0.0009658745329629863 0.31853000000000004
0.0010077182347694581 0.28308
0.0009434096588136434 0.37371
0.00108701135964805 0.24305
0.0009649153569342343 0.31966
0.0009904475572299696 0.29541
0.0009591962073405202 0.32705
0.0010637957707856575 0.25293000000000004
0.0011166409028641926 0.23185
0.0010552777152153538 0.25685
0.0009802681077761897 0.30391999999999997
0.001005214717911574 0.28474
0.0009802800617998337 0.30391
0.0009701200365546432 0.3138
0.0009705620695090658 0.31333
0.0009592077224828171 0.32703000000000004
0.000960165292472511 0.32571
0.0009740195694359221 0.30979
0.0009548020022225518 0.33375
0.0009787351157013045 0.30530999999999997
0.001074392957158184 0.24828000000000003
0.0009994787127952196 0.28869
0.0009549812220591078 0.33346
0.0009896958498225254 0.296
0.0010456429201422422 0.26152
0.0010165491804390405 0.2775
0.0010329110316122827 0.26813000000000003
0.0010475400021354617 0.26058000000000003
0.0010074330340079766 0.28326
0.0010020444826340908 0.2869
0.0009729408263157742 0.31087
0.0010129907593990387 0.2797
0.000997764423662307 0.28991999999999996
0.0010551729645478965 0.2569
0.0009605986150312845 0.32511999999999996
0.0009440385494921959 0.36303
0.0009863954341120453 0.29866
0.000979517710252098 0.30459
0.0009844335732695818 0.3003
0.0009721855207197947 0.31164000000000003
0.0010489409254795569 0.2599
0.0009716464773347973 0.31219
0.0009487640711531218 0.34574
0.0009665506846084891 0.31774
0.0009704783487136625 0.31342
0.0009953405719380518 0.29169
0.0009903335397246592 0.2955
0.000981973903982259 0.30241
0.000999433027819824 0.28872
0.0009558773561721105 0.332
0.0009819416616965052 0.30244
0.0009727743922553164 0.31104
0.001046507791518103 0.26109
0.0010272428987356497 0.27125
0.0009950353313697546 0.29191999999999996
0.0009609295610509653 0.32468
0.0009588847839350024 0.32749
0.00103068079454449 0.26934
0.0009632850274743777 0.32165
0.0010402484612413864 0.26426
0.001002760429756521 0.2864
0.0009709135642651518 0.31296
0.000980029782998021 0.30413
0.0009577939160838316 0.32907
0.0009704030115473086 0.31349
0.000948121362942322 0.34736999999999996
0.0009516605977124021 0.33942
0.0009835470303196728 0.30105
0.0010092429620907294 0.28208
0.0010562623305872868 0.25639
0.0009479425303429663 0.34784
0.0010329843946576616 0.26809
0.0009958109361200636 0.29134
0.0009935592663558746 0.29302
0.0011172623088974388 0.23163000000000003
0.0009558662504270475 0.33202
0.0009535892908060067 0.33583
0.0009564035758460366 0.33118000000000003
0.0010046562613980042 0.28511
0.0009785258147456785 0.3055
0.00109291891384893 0.24070999999999998
0.0009723446451616537 0.31148000000000003
0.001039067824595763 0.26487
0.0009919470373242845 0.29425
0.0010617306749844879 0.25386
0.000962171455166228 0.32306
0.0010033857712615283 0.28597
0.00098288018382259 0.30162
0.000976599377468394 0.3073
0.0009862438437060767 0.29879
0.000967049431098846 0.31717
0.0009514802379486852 0.33976999999999996
0.0009641898808094836 0.32053000000000004
0.0009624873209073304 0.32265
0.0009507488405877906 0.34126
0.000982061650391934 0.30233000000000004
0.000984376810343064 0.30035
0.0009765716969570507 0.30732
0.0009781307935517246 0.30585999999999997
0.0010790416527989611 0.24631999999999998
0.0009768028601005753 0.3071
0.0009554322001553004 0.33271999999999996
0.000982541539256938 0.30191999999999997
0.0010352000220658984 0.2669
0.0010076387538645846 0.28313
0.001066848949065062 0.25156
0.001037137659362288 0.26588
0.0011009362998886576 0.23761999999999997
0.0010427095600386844 0.263
0.0010046072659389185 0.28515
0.0009532462166749587 0.33644
0.0009588930274675671 0.32748
0.000958937479180744 0.32742
0.0009441601872321719 0.3622
0.0010937409440577972 0.24038
0.0010538301386150651 0.25754
0.0010347766288924286 0.26713000000000003
0.0009730034967692624 0.31081
0.0010443459690474687 0.26216999999999996
0.0009635593700071057 0.32131
0.0010313014441318375 0.269
0.0009655815972229356 0.31887
0.0010374984528816994 0.26569
0.0010699459029888162 0.2502
0.0010548670802118386 0.25705
0.00104182857399894 0.26345
0.0009745784466145402 0.30924
0.0011227140017194288 0.22971999999999998
0.0009628783431541722 0.32216
0.001080401605996542 0.24575
0.0010211617283698061 0.27474
0.0010449034086408447 0.26189
0.000999670398589759 0.28856
0.0009620686806855117 0.32319000000000003
0.0009619065417278718 0.3234
0.0009711584226851437 0.3127
0.0009702103409458443 0.3137
0.0009457775294098605 0.35455
0.0010255670399840248 0.2722
0.0010251101864741311 0.27246
0.0009514673787440004 0.3398
0.0010032954802039072 0.28604
0.0010713648978404558 0.24958000000000002
0.0010707759671489117 0.24984
0.0009785166389893202 0.30551
0.0009600586367933366 0.32586
0.0010343323021867132 0.26736
0.0009814292020889758 0.30289
0.0009644734261413234 0.32019000000000003
0.0010810890222632819 0.24547
0.0010060957463934174 0.28415
0.0010357624480424677 0.2666
0.0010788710864555945 0.24639
0.001039866562167772 0.26445
0.0010097291126676502 0.28176999999999996
0.0009656061293193102 0.31884
0.0010513166998837534 0.25874
0.0010316316556778563 0.26882
0.001074877564795804 0.24808000000000002
0.0010101113118407051 0.28152
0.0010331304172612457 0.26800999999999997
0.000960327008699337 0.32549
0.000982551660007279 0.30191
0.0009631609464967795 0.3218
0.0010265170380028552 0.27166
0.0010676716957190887 0.2512
0.001036188813101823 0.26638
0.0009543922354040888 0.33444
0.0010635154803496263 0.25306
0.0009621673499260725 0.32306
0.0010541738719132194 0.25738
0.0009601617215145257 0.32571
0.0009547822730318028 0.33379000000000003
0.0009707702170161539 0.31311
0.0010236688099883775 0.27328
0.0009451864381150235 0.35689
0.0010226189107813458 0.27389
0.0009647277478347222 0.31988
0.000997054703697165 0.29043
0.0010028835101522553 0.28631999999999996
0.0009844427813270064 0.30029
0.0009858683776151488 0.2991
0.0009841776613120643 0.30051
0.0009691473645019311 0.31484
0.0010203561497324548 0.27521999999999996
0.0009673643278079626 0.31682
0.001002980319452354 0.28625
0.0009858201136249748 0.29914
0.0010618046949434103 0.25383
0.001003132750249434 0.28615
0.0009911789153413126 0.29484
0.0009491620142789868 0.34478000000000003
0.0010283189413364275 0.27065
0.0009766951183919489 0.3072
0.0009781571698136223 0.30584
0.0009661329452483826 0.31823
0.0010279274809594262 0.27087
0.0010004647621842536 0.288
0.001076800325009857 0.24725999999999998
0.001010090509202896 0.28154
0.001004030629558995 0.28554
0.0010135911770633452 0.27931999999999996
0.0010767768733090273 0.24727
0.0010369384278884504 0.26598
0.0009908266881773309 0.29512
0.0010475088980866972 0.2606
0.0009732376349912197 0.31056999999999996
0.0010225527533150851 0.27393
0.001053823519901248 0.25754
0.001015244344879368 0.2783
0.0009756036522198661 0.30825
0.0009818172207122567 0.30255
0.0010348783866407478 0.26707
0.0009738218741406977 0.30999
0.0009888652342907418 0.29666
0.001017875336580362 0.2767
0.0009902502658858691 0.29557
0.0009744360839846704 0.30938000000000004
0.0009649679830707181 0.3196
0.0009759602743946147 0.3079
0.0010486610230319138 0.26003000000000004
0.0009788832729922098 0.30517
0.0009672975847909791 0.31689
0.0010579085193072482 0.25561999999999996
0.0009854650373942776 0.29943000000000003
0.0010744456942826336 0.24825999999999998
0.001142900722986251 0.22296
0.0009761374863067543 0.30773
0.0009735691147296802 0.31024
0.0009636335931622704 0.32122
0.0009870170762059903 0.29815
0.0010360394244266677 0.26645
0.0009483583318268989 0.34675
0.0010030583049305411 0.2862
0.001072003941007025 0.24931
0.0010927151292393392 0.24079
0.0009709119217934958 0.31296
0.0009709688197459823 0.3129
0.0010441021510222829 0.2623
0.0010094250133410925 0.28197
0.000956217651660279 0.33147
0.0009558502011164834 0.33205
0.0009860019128519028 0.29899000000000003
0.0009837976505362432 0.30084
0.0009922824848355722 0.29399000000000003
0.0009833395840461957 0.30123
0.001069385099014041 0.25045
0.0009921499642654493 0.29409
0.000991314432023121 0.29474
0.0009599031813394427 0.32606999999999997
0.0010249217253400999 0.27255999999999997
0.0010838748532565525 0.24431999999999998
0.0009527237458026787 0.33739
0.0010467463140464036 0.26098000000000005
0.0009825178924351328 0.30194
0.0010641107180121392 0.25279
0.0009474984834546267 0.34905
0.000977668162282516 0.30629
0.0009848514174203562 0.29995
0.000969365069556468 0.31461
0.0009582533048518267 0.3284
0.0009675414215958544 0.31661999999999996
0.0010728157965678418 0.24896
0.001036806243850366 0.26605
0.000952479956510418 0.33785
0.0010384429294839786 0.26519000000000004
0.0009770481617212426 0.30687
0.0009482416301405481 0.34705
0.0010176490850768666 0.27683
0.0009694846944893085 0.31448000000000004
0.0010087629680594634 0.28239000000000003
0.000969932124538737 0.314
0.0010405535271585699 0.2641
0.0010141676731589874 0.27896
0.000953503196821223 0.33598
0.0009540272754227335 0.33507
0.0009496130941610973 0.34374
0.0009979171802870026 0.28981
0.0009669660162245868 0.31727
0.0009749873260926678 0.30884
0.0009739003300501103 0.30990999999999996
0.0009718911460799238 0.31194
0.0009707773433449821 0.3131
0.001042817910584849 0.26294
0.0009949795787905396 0.29196
0.0009489231610403516 0.34535
0.0009501526380248236 0.34254
0.0010542991161047938 0.25732
0.000980455200434237 0.30375
0.001002406226781392 0.28665
0.0009665425325330128 0.31775
0.0010253244586014018 0.27233
0.0009918022553069982 0.29436
0.0009663433955210144 0.31798000000000004
0.0009671984597673508 0.317
0.0010304506973361498 0.26947
0.0010360428586685124 0.26645
0.0009763822910168337 0.3075
0.0009638257623460213 0.32098000000000004
0.0009565553102922248 0.33094
0.0010888351232915521 0.24231999999999998
0.0009630046846430125 0.322
0.0009587846207701306 0.32763000000000003
0.0010109795562366218 0.28097
0.0010829902359760194 0.24469000000000002
0.0010049881741961077 0.28489000000000003
0.0009764426541976525 0.30744
0.000974398786582059 0.30942
0.001012091733777222 0.28026
0.0009843685904729082 0.30035
0.001072378072613207 0.24915
0.0009526037310034814 0.33762
0.0009525514297556284 0.33771
0.0010249226337136878 0.27255999999999997
0.0009816651467292796 0.30268
0.0009558110678114129 0.33211
0.0010163139753429147 0.27764
0.0010215125262116093 0.27454
0.0009519220335278307 0.33891
0.0010402978595248145 0.26423
0.0009589676369209475 0.32737
0.0010787416433132133 0.24644000000000002
0.000959819363265247 0.32618
0.000961618469739641 0.32377
0.0009511823000505014 0.34037
0.000947015827590151 0.35045
0.0010213255156208058 0.27465
0.0009488750735792602 0.34547
0.0010575616481107522 0.25578
0.0010242875265822702 0.27293
0.0009730354126640103 0.31078
0.0009670053271855211 0.31722
0.0009775161249199339 0.30643000000000004
0.0009673743360679629 0.3168
0.0010605070805499986 0.25442
0.00103464583680494 0.2672
0.001065869994830571 0.252
0.0009823429898614283 0.30209
0.0009705608229132678 0.31333
0.0009832744756133984 0.30128
0.0010061744584577966 0.2841
0.0009707713432341419 0.31311
0.0010021608870379546 0.28681
0.0010433003758354748 0.2627
0.0009627197317734344 0.32236
0.0009532439035805857 0.33645
0.0009607176378872748 0.32495999999999997
0.0009686017208072122 0.31544
0.001034388266976421 0.26733
0.0010015756833636168 0.28722
0.000956283016060246 0.33136
0.0009734442957102788 0.31037
0.0010192772426656164 0.27586
0.0010095697087840097 0.28187
0.0010839769563633643 0.24428000000000002
0.0010223661466754058 0.27404
0.001005840493790803 0.28431999999999996
0.000968389295286824 0.31567
0.0009563304143067274 0.33129000000000003
0.000944848183415728 0.35841999999999996
0.0009525587866990453 0.3377
0.0009595172634122453 0.3266
0.0010444630335574234 0.26211
0.0009494837362785069 0.34403
0.0010371760690859166 0.26586
0.0009773242616573272 0.30661
0.0010085629607966468 0.28252
0.000946997506312734 0.35051
0.0009573798130350303 0.32969
0.0010052724423582017 0.2847
0.0010968067657632524 0.23919
0.0011050051682924438 0.23609000000000002
0.0010318716768253906 0.26869
0.001037824817971686 0.26552
0.001053171431047676 0.25785
0.0010031074252745628 0.28615999999999997
0.0009818905127704086 0.30248
0.0009565856547025435 0.33089
0.0010015104802811835 0.28726999999999997
0.0009505603047105945 0.34165999999999996
0.0009882891537896317 0.29712
0.00096728999986213 0.3169
0.000982449599905957 0.302
0.0009650729970294241 0.31947
0.0009949206744160118 0.292
0.0010051479942376708 0.28478000000000003
0.0009585889059809756 0.32791
0.0009691291818186238 0.31486
0.0009723663176746868 0.31145
0.000979068524113891 0.305
0.0010587977362971656 0.25521
0.0009881458656966562 0.29724
0.0009562913972479358 0.33135
0.0010576324719542948 0.25575
0.0009851663276508498 0.29968
0.0009677168982646712 0.31642
0.0009619844633551143 0.3233
0.001040825159406489 0.26396
0.0010415699119436716 0.26358000000000004
0.0009826301893452781 0.30184
0.0009742698534960482 0.30955
0.0009753567678469558 0.30849
0.00098230858039949 0.30212
0.001032895634144746 0.26814
0.001047099289017627 0.2608
0.0011181227576563888 0.23133
0.000957925434945309 0.32888
0.0010076933529952622 0.28309
0.0009871471270591285 0.29805
0.0009679016994249884 0.31621
0.0009551059148789946 0.33325
0.0009933741401191296 0.29316
0.001066046701569059 0.25192
0.0010161860450923308 0.27771999999999997
0.001009289549805806 0.28205
0.0009554217883197697 0.33273
0.001063417941646382 0.2531
0.00094792557171983 0.34788
0.0010636675156464428 0.25299
0.0010299079611129811 0.26976999999999995
0.001070999413154572 0.24974000000000002
0.000978888073268679 0.30517
0.0009973722134122985 0.2902
0.0010011039790629522 0.28755
0.0009917750127380173 0.29438000000000003
0.0009567597097488545 0.33063000000000003
0.0010551563214235462 0.25690999999999997
0.0009902460489065602 0.29557
0.0010294780652841764 0.27
0.0010804747053750783 0.24572
0.0011067372017907074 0.23544
0.000964165504208939 0.32056
0.0009920751238218864 0.29415
0.0010333937376185297 0.26787
0.0009579368169396066 0.32886
0.0009677620555307876 0.31637
0.0009917732510153325 0.29438000000000003
0.0009917540040870131 0.2944
0.001042546810928928 0.26308000000000004
0.0009854756464165496 0.29941999999999996
0.0009899744859556958 0.29578000000000004
0.0009646451624593542 0.31998000000000004
0.0010206400113142678 0.27505
0.001062398747231913 0.25356
0.0009478894208172712 0.34798
0.001058845970239836 0.25519000000000003
0.0009839446556931892 0.30071
0.00109882929382971 0.23842
0.0010427348855769466 0.26299
0.0009605601932886543 0.32518
0.0009546075892414827 0.33408000000000004
0.0010437152743919293 0.26249
0.0009671201689314099 0.31709
0.0010549070685561784 0.25703000000000004
0.0009778978992964092 0.30608
0.0009675989766496811 0.31655
0.0010286060332126558 0.27049
0.0009842351808722776 0.30046999999999996
0.001012735975161884 0.27986
0.001087252287854594 0.24295
0.0009620009876040292 0.32328
0.0009773520110901313 0.30659000000000003
0.0009745501043069341 0.30927
0.0009598997091626253 0.32606999999999997
0.0009898737858794974 0.29586
0.0009845455417229554 0.3002
0.0009467967488013167 0.35112
0.000979470470506197 0.30464
0.001001601873894384 0.2872
0.0009803149499560608 0.30388000000000004
0.001052868245728613 0.258
0.0009798915453269807 0.30426
0.0010384726289997548 0.26518
0.000960885135441557 0.32474000000000003
0.0009726152659354885 0.3112
0.0010553203687732474 0.25683
0.0009587983459063048 0.32761
0.0009674698441233665 0.3167
0.0009581907842602619 0.32849
0.0009743004382863944 0.30951999999999996
0.0009752552932963566 0.30858
0.0009880841533829335 0.29729
0.0010300059696840601 0.26971
0.0010300264538183328 0.2697
0.0009751288549043176 0.30871
0.0010101500376265104 0.2815
0.0009680638152836102 0.31603000000000003
0.0009582256926985537 0.32844
0.0009560154486761496 0.33178
0.0009584125551176061 0.32816999999999996
0.0009726223257842153 0.31119
0.0009501255614682996 0.34259
0.0009675325821837374 0.31663
0.0009682942989779633 0.31578
0.0010560473722501568 0.25649
0.0009600620811762138 0.32585
0.001002191436710281 0.28679
0.0010191044471730894 0.27596
0.0009627098709339976 0.32237
0.000963539961197862 0.32133
0.0009717884916014244 0.31205
0.0009589951209967372 0.32733
0.0009719608737529821 0.31187
0.0009636609283151209 0.32118
0.0010066904144679432 0.28375
0.0009437754173074023 0.36516
0.0009478292086251573 0.34814
0.00108815346281189 0.24259
0.0009527028130216204 0.33743
0.0009847579986054255 0.30002
0.0010500082501728094 0.25938
0.0010376130074861334 0.26563000000000003
0.0010429443638128428 0.26288
0.0009790525005315019 0.30501999999999996
0.0009752064837561986 0.30863
0.0009460411953134339 0.3536
0.0010531650630427156 0.25786
0.001006199924655934 0.28408
0.0009481872409668008 0.34719
0.0010278542120002925 0.27091
0.0009713289379477542 0.31251999999999996
0.0009763419319614203 0.30754000000000004
0.0009538083170117099 0.33545
0.0010569411344883578 0.25606999999999996
0.001024807284352788 0.27263000000000004
0.0009526649942948247 0.3375
0.0009763884062471714 0.3075
0.0009610995673839865 0.32445
0.0009753131168997453 0.30853
0.0009615148049138389 0.32391
0.000970379231577504 0.31351999999999997
0.0009832670332223937 0.30129
0.0009440863244592517 0.3627
0.0010309314294092184 0.2692
0.0009565236297069883 0.33099
0.0009711395915391533 0.31272
0.0009448371548551896 0.35846999999999996
0.00094645064306497 0.35222
0.0009606657507315784 0.32503000000000004
0.0010570600054166587 0.25601999999999997
0.00100013244336926 0.28823000000000004
0.0009649944387707028 0.31956999999999997
0.0010280667977114332 0.27079000000000003
0.0009581472166948732 0.32855
0.0009474084262041414 0.34931
0.0010317752081888617 0.26874000000000003
0.0010085700848719123 0.28252
0.0009916248385084447 0.2945
0.0009695458982490355 0.31440999999999997
0.0009949342250888693 0.29199
0.0009753775518928723 0.30846
0.0011131508733223312 0.2331
0.0009683447686426855 0.31572
0.0009846730300874424 0.3001
0.0009917317403893501 0.29441999999999996
0.0010428467682071388 0.26293
0.0010348444299571266 0.26709
0.0009581255746049374 0.32858000000000004
0.0009528270724062704 0.3372
0.0010000169989831309 0.28831
0.0009532466012830027 0.33644
0.0009733550867383747 0.31046
0.00111188704077363 0.23356
0.0010033458176596144 0.286
0.0009570733865293321 0.33015
0.0009579876246387423 0.32879
0.0010103817604047863 0.28135
0.0010195113750658697 0.27571999999999997
0.000992090931062251 0.29414
0.0009754660040432837 0.30838000000000004
0.0010002429351756374 0.28815
0.0010350047217444936 0.267
0.001096637321881936 0.23926
0.0010177190469326546 0.27679000000000004
0.0010903559818089602 0.24172
0.0009874124652940644 0.29783000000000004
0.0009701613956285299 0.31375
0.001034444779757473 0.2673
0.0010633154499877918 0.25315
0.0009510027374846096 0.34074
0.0009868498327409091 0.29829
0.0009699264866881098 0.314
0.0009532959210673281 0.33635
0.0009704056626760951 0.31349
0.0009678400115248623 0.31628
0.0009869125446975112 0.29824
0.0009815125837231843 0.30280999999999997
0.0009575460825854068 0.32944
0.0010117797839770037 0.28046
0.0010464542183218706 0.26111999999999996
0.0009484946113397002 0.34641
0.000986313755983484 0.29873
0.0009676846308141333 0.31645999999999996
0.0009797878185282027 0.30435
0.0009795056009204207 0.3046
0.0010321951821442388 0.26852
0.0009606186270441595 0.3251
0.0009786497323399771 0.30538000000000004
0.0009683244388774617 0.31574
0.0009981926052810414 0.28961
0.0010033712583173739 0.28598
0.0010029609538363962 0.28626
0.0009751465194559876 0.30869
0.0009652130728564864 0.3193
0.000985963278335389 0.29902
0.0009672975584994135 0.31689
0.0009679184695000407 0.31619
0.0010504618211807507 0.25916
0.0009917555975436794 0.2944
0.0009732991317141054 0.31051
0.0009684464133372729 0.31561
0.0010005814580489008 0.28791
0.001038412039335879 0.26521
0.000946769802012448 0.3512
0.0009627106748925112 0.32237
0.0010031621725769913 0.28613
0.0010455170994141958 0.26159
0.0009455018187767422 0.3556
0.0009570637664455168 0.33016
0.0009981060207707648 0.28967
0.0009575846166305808 0.32938
0.00096157461127686 0.32383
0.0009564601815865523 0.33109
0.0009733325997502019 0.31048000000000003
0.0009829711650338057 0.30154000000000003
0.0010090113521783884 0.28223000000000004
0.0010235586582821796 0.27335
0.0009464267532339812 0.35229
0.0010346479746848089 0.26719
0.0010373562998331658 0.26576
0.0010285835417173574 0.2705
0.0010286248579735517 0.27048
0.0009642580818815709 0.32045
0.0010112717066100522 0.28078000000000003
0.0009756697544738393 0.30818
0.001091720444197821 0.24118
0.0010727454972410309 0.24899000000000002
0.0010335549201265762 0.26778
0.0010361121401361447 0.26642
0.0009754375976969361 0.30841
0.0010075270565899296 0.2832
0.001012068270057391 0.28028000000000003
0.0010415942196227552 0.26356999999999997
0.00104821913355432 0.26025
0.0010242976606661912 0.27292
0.000959029057961684 0.32729
0.0010200796912920949 0.27538
0.0010310337229420831 0.26915
0.0009787959247119554 0.30525
0.0010338328283589764 0.26763000000000003
0.001025772027057143 0.27208000000000004
0.0009812070451212125 0.30308
0.0010503694763762705 0.2592
0.0010152796138877013 0.27828
0.0009788205995339716 0.30523
0.000945402541074237 0.356
0.0010120449372319966 0.28029
0.0010518973414080867 0.25845999999999997
0.0010804552616356117 0.24573000000000003
0.0010315766510936798 0.26885
0.0009540524640570579 0.33502
0.0010103772908386516 0.28135
0.0009722339587976917 0.31159000000000003
0.001049601906516174 0.25956999999999997
0.0009599060219552981 0.32606
0.0010479040492361038 0.2604
0.0009754993486968194 0.30835
0.0009944796294610611 0.29233000000000003
0.0009673436857365001 0.31684
0.0010014814025609315 0.28729
0.0009642504163878534 0.32045999999999997
0.0009676516016593837 0.31649
0.0010897224777118505 0.24197
0.0009443888626302097 0.3608
0.0010359046696368683 0.26653000000000004
0.0010102115029873144 0.28146
0.0009926415217028147 0.29372
0.00101150158672518 0.28064
0.0009814185752259985 0.3029
0.001011183191735477 0.28084000000000003
0.001009461976840822 0.28194
0.0009915418876803165 0.29456
0.001011621159450483 0.28056
0.0010154455377039914 0.27817
0.0009488058852588884 0.34564
0.0009566640963393921 0.33077
0.0010332006972449763 0.26797
0.0009998019041176569 0.28846
0.001007248630413689 0.28338
0.001055306581100707 0.25684
0.0009755407203530981 0.30831
0.0010155006125242075 0.27814
0.0011019979878580644 0.23721
0.0010928041013993572 0.24075
0.001016770829228402 0.27736
0.0009529682241217521 0.33694
0.0009651344229528798 0.3194
0.0009886868240466062 0.29681
0.0009862918891006631 0.29875
0.0009933428884620046 0.29318
0.0009925955734361705 0.29375
0.0010279472381319128 0.27085
0.0009818188545452553 0.30255
0.0010211081407132125 0.27476999999999996
0.0009649740665633804 0.31959
0.0010561490877441743 0.25644
0.0010074072697761644 0.28328000000000003
0.001041933319595881 0.26339
0.001006704883843218 0.28374
0.0011338708183361282 0.22593000000000002
0.000987781108723746 0.29753
0.001027071930506925 0.27135
0.0009468857523234161 0.35084
0.0009954571303353707 0.2916
0.0009537788413498341 0.3355
0.0009511816348738944 0.34037
0.001010217009380114 0.28146
0.0009564495214835245 0.3311
0.0010026196816165696 0.2865
0.0009561937622048837 0.3315
0.0009637922704597187 0.32101999999999997
0.0010232360215239775 0.27353
0.000992651334090652 0.29370999999999997
0.0010401938318754086 0.26429
0.000982431376846317 0.30201
0.001026285164048078 0.27179000000000003
0.0010402761815656715 0.26424000000000003
0.0009595196679637071 0.3266
0.0009990537317989907 0.28899
0.0010134594416720463 0.2794
0.0010793300641361834 0.2462
0.0009677624360073 0.31637
0.0009771589036730857 0.30677
0.0009713224841196122 0.31253000000000003
0.0009848721225915761 0.29993000000000003
0.0010194329430066628 0.27576
0.0010450807574569217 0.2618
0.0009587189044387797 0.32773
0.0009878676517309087 0.29746
0.0009553942400174417 0.33278
0.0010135429205850473 0.27935
0.0009646538970808032 0.31997
0.0009743896748644422 0.30943000000000004
0.0009531322066815242 0.33665
0.000966519644786263 0.31778
0.0010509287064252566 0.25893
0.0010823302470704056 0.24495999999999998
0.0010034089266188556 0.28596
0.001044207673910578 0.26224000000000003
0.0010084632374521068 0.28259
0.0009831191694580372 0.30141999999999997
0.0010298247584492148 0.26981
0.0010523427642842866 0.25825
0.0009459048543910474 0.35409
0.0009855605700510744 0.29935
0.0010743154946943534 0.24831999999999999
0.0010612937752704312 0.25406
0.0009748839027736746 0.30894
0.0009591113680268018 0.32716999999999996
0.00096785063895123 0.31627
0.0010669163016707713 0.25153000000000003
0.0009902554612870082 0.29556
0.0009866722841089341 0.29844
0.0009555506744565564 0.33253
0.0009545789087116663 0.33413000000000004
0.0010310663312439877 0.26913000000000004
0.000953734912087623 0.33557
0.000973465719768018 0.31034
0.0009773852133936195 0.30656
0.000990521994285799 0.29535
0.0009547590226492461 0.33382
0.0010287821097047596 0.27039
0.0009842644719298044 0.30044
0.0009532749278156693 0.33639
0.0010328911442965467 0.26814
0.0009663311487220088 0.318
0.0010232585286064182 0.27352
0.0010947884289479286 0.23998000000000003
0.001005080372143415 0.28483
0.0009476485273531535 0.34863
0.000982130966977586 0.30227
0.0010105108504890024 0.28126999999999996
0.001060474922960645 0.25444
0.000961945139248397 0.32335
0.0010305110986397383 0.26943
0.0010771085459149005 0.24713000000000002
0.0010512311544537043 0.25878
0.0009667702402136433 0.31749
0.0009576922306373175 0.32921999999999996
0.001070188192347265 0.2501
0.000987276598934435 0.29794
0.0009804705511403462 0.30374
