0.0008943687552471343 0.37516
0.001064747424518552 0.13722
0.0012489116859971722 0.10153
0.0013395618598676345 0.5268
0.0008621892555656655 0.23003
0.0015078800391591207 0.07227
0.0011026943987330355 0.46926
0.0009819227085425839 0.16222
0.0008722665970564907 0.22046999999999997
0.0008886897416591806 0.20774
0.0010028829998722183 0.15504
0.0009800606210288232 0.16289
0.0008414605793591092 0.26056999999999997
0.0010967633086006658 0.1295
0.0008969434793631191 0.20222
0.0010698563962672403 0.45871000000000006
0.0008363683212064488 0.28102
0.0008364170818735346 0.28049
0.0011815640991099704 0.11245999999999999
0.0008374063001358998 0.29986999999999997
0.0008907251913130661 0.20633
0.0010105786943705314 0.43696
0.0010529659339750736 0.45291000000000003
0.001096920474013607 0.12946
0.0008617534408668668 0.34551
0.0011584125325433928 0.48532
0.0008437351697043489 0.25556999999999996
0.0011766759791943195 0.11333
0.0008416258285526643 0.26016999999999996
0.0008388648559053453 0.26791
0.0008416170380238141 0.26019000000000003
0.001090732046038953 0.46552
0.0009040941953502294 0.1978
0.0011853698377850448 0.49241999999999997
0.0008557268583886673 0.23729
0.001033723383334138 0.14561
0.0008601589216805493 0.23219
0.0008602048678329083 0.34371
0.000909129942659601 0.38556
0.0008906992272981955 0.37235999999999997
0.0011755801195237005 0.11352999999999999
0.0013824612177233808 0.08446000000000001
0.0009484758939626512 0.1754
0.001429406949926296 0.07954
0.0009282227928688603 0.39743
0.0009077846557356571 0.38466
0.0010248795430256373 0.14819000000000002
0.001400271855996102 0.08254
0.001461276048217886 0.07645
0.0010226504246604662 0.14885
0.0009125176222382918 0.38778
0.0008579857469259306 0.23462
0.000849734647538265 0.24531
0.0011613357032344148 0.11615
0.0009049112777956698 0.38271
0.00086246669747116 0.22974
0.0009371585230766391 0.18045999999999998
0.0008589026457956462 0.23358
0.0009315958911234304 0.39938
0.0011910963122006351 0.11079000000000001
0.0008369868555062795 0.29753
0.0008466569425342558 0.25019
0.0008457202862853189 0.25182
0.000844331909818937 0.31995
0.0008713875501850617 0.35567
0.0010955911948394945 0.46705
0.0008488240606925232 0.24669000000000002
0.0009062705457362024 0.38364000000000004
0.0010200330146648842 0.14964
0.0008379931406636205 0.30258
0.001092229126578086 0.46598999999999996
0.0009137310361954836 0.38856
0.001425613894232441 0.07992
0.00097797771761328 0.42299
0.0010498031195551316 0.14114000000000002
0.0008431267206612586 0.25682
0.0008439910860821416 0.31925
0.0008723514563067006 0.2204
0.0008701186538603701 0.35441999999999996
0.0008507005704707078 0.33104
0.0011920785023697116 0.49412
0.000855438161130384 0.33775
0.0008409317380404591 0.26188
0.0008470782222136469 0.32513000000000003
0.000871020126946309 0.35531
0.0008849229941084056 0.21041999999999997
0.0008603558136809622 0.23198000000000002
0.001185817087492906 0.11170999999999999
0.0008728648895816912 0.35709
0.0012026982275037202 0.49677
0.0008399951220826363 0.2644
0.0009090083245330844 0.38547
0.0010833512389251208 0.13263
0.0009163208654200723 0.19087
0.0008587260008317629 0.23378000000000002
0.0009045635012859144 0.19752
0.0008365267705228016 0.29416
0.0010397359890052678 0.44816000000000006
0.0008915210801814759 0.373
0.0010547779259530842 0.45353999999999994
0.001091544577843601 0.46578
0.0008701810123274411 0.35448
0.0012589097186394337 0.10006
0.0012782481809243975 0.09732
0.000899877801221325 0.20037
0.0008854714675730754 0.21003000000000002
0.0008829816303698562 0.36613
0.0008723060285265856 0.22044
0.0008498911863341781 0.32979
0.0009835790240747947 0.16163
0.0010875976146041265 0.13163
0.000847185904876588 0.32532
0.0009423964854740223 0.17807
0.0012611930584707095 0.51047
0.0008995133210379804 0.37893000000000004
0.0008368924054675169 0.29693
0.0009249974914411661 0.18635
0.0009071820090640156 0.38425
0.0009109347673295031 0.19384
0.000862181378953541 0.23003
0.0008378845648308704 0.30212
0.0008459026931791968 0.25149
0.0008498020772734719 0.24520999999999998
0.0010320755475780432 0.44532
0.0008388848962244052 0.26784
0.0009669288249122577 0.16783
0.0010124643699261512 0.15197
0.0009959370618187237 0.15734
0.0009138754921673694 0.1922
0.0011125626594097368 0.47226
0.0009553482753254781 0.41213999999999995
0.0009122970389124549 0.38763000000000003
0.0009879183462424435 0.16009
0.0009438365671662984 0.17743
0.0008371788561955097 0.275
0.0013339234098098094 0.09008
0.0010752758313458783 0.46051000000000003
0.0012470278106124484 0.10181
0.0008542598273533053 0.33616999999999997
0.0010606282438275446 0.45557
0.0013361242887645437 0.08981
0.0011024809813622474 0.12821
0.0008417113311076397 0.25997
0.0011140980680738664 0.12565
0.0008707151017140411 0.22183000000000003
0.0008641198122652404 0.22805
0.0008436661728252119 0.31856999999999996
0.000836903411706962 0.297
0.0011245755412200658 0.47581
0.0008490591122868172 0.24633000000000002
0.0008412225248740958 0.26115
0.0008666304034513946 0.35086
0.0008373529677804247 0.27408000000000005
0.0008389301556237448 0.26769
0.0010502457520215897 0.14102
0.0008420585170819618 0.31496999999999997
0.0009507582958228048 0.40979
0.0012295823192808738 0.50325
0.0009245201874186546 0.18659
0.0008614595155358506 0.34518000000000004
0.0009058044022019535 0.19679000000000002
0.0010586724993184049 0.4549
0.0011340456652529 0.47855
0.001282255292031907 0.09677000000000001
0.0008714118488839966 0.35569
0.0008361485721171497 0.28889000000000004
0.0008483968976084351 0.24735
0.000847186519316078 0.2493
0.0008401691709757805 0.26391
0.0008441174247336256 0.31951999999999997
0.0010736591577597313 0.45998
0.0010115069634527786 0.43733
0.0016199236778852834 0.06356
0.0010596766218351635 0.45525
0.0010236560424586455 0.14855
0.0008597302419667639 0.23265999999999998
0.001154363552804406 0.11747
0.0009078351298274718 0.1956
0.0010490630571824311 0.14134000000000002
0.00087507821097368 0.35917
0.0008572214634297238 0.34006
0.0009221661778753072 0.39382
0.000959750220708899 0.17068
0.0008913966921912056 0.3729
0.0012584287386541212 0.10013
0.0010852273442887648 0.13219
0.0011601818544275037 0.4858
0.0011791654761781685 0.49082
0.0011728496962605793 0.48917
0.0008361402646306484 0.28861
0.0012308427589818064 0.50355
0.0010933024000724589 0.13029000000000002
0.0016717897248591058 0.06006
0.001140845018520421 0.1201
0.0012170118037910188 0.50026
0.0009376053700236992 0.18026
0.0013697291387748697 0.08588
0.0010171345467866579 0.15053
0.0009828375209940856 0.16189
0.0008887020191734792 0.20773000000000003
0.0011294888346629834 0.47723999999999994
0.0009113890218279563 0.38704
0.0008367536642188725 0.29598
0.0009224705383041923 0.18763
0.0009537740663184809 0.17314000000000002
0.0008887790667584351 0.37085999999999997
0.0008710970338130454 0.2215
0.0008407403283376821 0.31163
0.0009519956984778971 0.41043
0.00132791877441261 0.09082
0.0009100498814036707 0.38616
0.0012313404021992538 0.1042
0.0010706042981180903 0.13575
0.0009111320894525927 0.38687
0.0011089365520518671 0.47116
0.0008388330499796117 0.30580999999999997
0.0008364011315535749 0.28065999999999997
0.0011211462897810142 0.12414000000000001
0.0008920038242560892 0.20546
0.0012582804921603716 0.50983
0.0008768440962362351 0.21663000000000002
0.0008380473445399479 0.30280999999999997
0.0014747674774065675 0.07521
0.0008584882829579603 0.34164
0.0008431762512193714 0.31751999999999997
0.0012065787681355 0.49773
0.0009565031320116012 0.17201
0.0011245376525388247 0.4758
0.0009077223398147999 0.38461999999999996
0.001100607428320409 0.46861
0.0009070266934341629 0.19607
0.0008929329257707945 0.20484000000000002
0.0008619240614071539 0.34571
0.0011921471268567232 0.11060999999999999
0.0008513474652046575 0.243
0.0009076052801467544 0.38454
0.0009281927068324745 0.18475
0.0009661676104563605 0.16813
0.0008719625657218172 0.22073
0.001016880799213387 0.1506
0.0008374887181655477 0.30029
0.0008987691698688999 0.20107
0.0011751982038117538 0.1136
0.0010431102166137524 0.14297
0.0008437771964934827 0.31881
0.000846619215167811 0.25025
0.0010421305889896002 0.14324
0.001143042029227523 0.48108999999999996
0.0008377629760206495 0.27214
0.0014547161507543127 0.07707
0.0009551900265626558 0.41206000000000004
0.0011286749651332117 0.47701000000000005
0.0008361458472050494 0.28476
0.0009998352356761764 0.15604
0.0008839128585938894 0.36691
0.0008492946890186542 0.24597
0.0008642371769731011 0.3483
0.0009358257361701613 0.18108
0.0009427061177245742 0.40555
0.0009900767379166914 0.42838000000000004
0.0009505819208695221 0.4097
0.0010202174415267057 0.44078
0.000909533891447015 0.19463
0.0010282590012626342 0.14719000000000002
0.0008401683352358431 0.26391
0.001098558350648203 0.12909
0.0012904616485883973 0.51682
0.0009526594601546522 0.41076999999999997
0.0011126484313739523 0.12596
0.0009651211884337482 0.16854
0.0008460360936001247 0.25126
0.0010629998199959548 0.13767000000000001
0.0011097052553930855 0.4714
0.0009663246414653615 0.41753999999999997
0.0010394343644633014 0.44805
0.0008530419567178073 0.2407
0.0008361638737201045 0.28931999999999997
0.0009225449334409173 0.39405
0.0011312938839408125 0.47776
0.0009340145673035302 0.18194000000000002
0.0008843437528155498 0.36727
0.0009290366326313165 0.3979
0.00101447812251442 0.15135
0.0008559526822654553 0.33843
0.0008647833825592037 0.34889000000000003
0.000838487211803192 0.26924000000000003
0.0011770641101112942 0.11325999999999999
0.0010125364680183529 0.43775
0.0009448279246162096 0.40668000000000004
0.0014897983321932495 0.07385
0.0008528933721094472 0.33426999999999996
0.0008363639419532311 0.29252
0.0010021497384291001 0.43351000000000006
0.0010771819734343953 0.13412000000000002
0.0010449688395427212 0.14245
0.001495820912921916 0.07332000000000001
0.0008401957552934 0.26384
0.0008781119876885142 0.36191999999999996
0.001358217472259864 0.0872
0.0009672632492775519 0.41799
0.0009588332412569552 0.41388
0.0013879420011347781 0.08386
0.0011435032501798741 0.48122
0.0008580286139652012 0.34107
0.0009129832507077762 0.19269
0.0008361613207969391 0.28926
0.000843219548230979 0.31761
0.0012037404981885215 0.49703
0.000876770744909977 0.36072
0.0008750891276104982 0.35918
0.0012474825084634966 0.10174
0.0010146393263598483 0.1513
0.0011505957775295415 0.48318999999999995
0.0013642671558287342 0.0865
0.0009059779465541316 0.19669
0.0009443873197850336 0.17719000000000001
0.000875606535423486 0.35966
0.0009567619054503348 0.1719
0.0012663997012921878 0.09899
0.0008453695446201786 0.25245
0.0009173932233439796 0.39088
0.0009118623585287898 0.38735
0.0009832199756748532 0.16175
0.0008570949242247091 0.3399
0.0009115911937683942 0.38716999999999996
0.001330002510861971 0.09056
0.000867780509544555 0.22451
0.0010121407972508046 0.43759
0.0009367209190314231 0.18067
0.0015443958170747044 0.06924
0.000836261242609539 0.2824
0.00090492927003321 0.19730999999999999
0.0008732687197508626 0.21961
0.001174280870459502 0.11375999999999999
0.0010927174442067016 0.13043
0.0009089096012307888 0.19499
0.0011301652826284372 0.12226
0.000881583665670701 0.36495
0.0010482898009453207 0.14155
0.0008515362674108571 0.3323
0.0008542164795267852 0.23917
0.0008379025181303564 0.27154
0.0008673829641878216 0.35164
0.0010985673567645818 0.12909
0.000918369836200554 0.18977
0.00083919130353209 0.30703
0.0011208659971288578 0.47473000000000004
0.0008466531449464129 0.25019
0.0010104819844212202 0.43692
0.0008894801548449138 0.37141
0.001053165513302592 0.45298
0.0008558994943866988 0.23708
0.0010657758694879618 0.13696
0.0009994294515383118 0.43238000000000004
0.0008475215920976972 0.24875
0.0010349027183754697 0.14527
0.0010963696669717997 0.46729
0.0010282206435206622 0.44386000000000003
0.0008675054153481558 0.35176999999999997
0.0010683671546048968 0.13631
0.0008825608639511496 0.36578
0.000894994588703234 0.37563
0.0008664380169897811 0.35065999999999997
0.0008361701610883222 0.28408
0.0008387994855271562 0.26813000000000003
0.001291287358744492 0.09554
0.0008904896780246997 0.20649
0.0008374281388217757 0.2737
0.0008379128795616362 0.30224
0.0009349829502490321 0.18148
0.0008423634633857411 0.25847
0.0013183154500613584 0.52257
0.0009462535953195599 0.40744
0.0011534185910233876 0.11765
0.0011957013250997429 0.11
0.0012746224967735659 0.09782
0.0009737846646679912 0.16521
0.0008559290997861752 0.23705
0.001122995099418263 0.12375
0.0008714810082806498 0.22116
0.0008506232205520564 0.24402
0.0008815714206298375 0.36494
0.0009536046357191192 0.41125
0.0008524114439298942 0.24154
0.001626508041977547 0.0631
0.0014315221540364402 0.07933
0.0012055627086244927 0.10834
0.0008433314216208053 0.31786
0.0010789101967283961 0.1337
0.0008877646166368919 0.37005
0.0009821219393820334 0.42486999999999997
0.0008858312272314525 0.36849
0.0014297633061882526 0.0795
0.0008388529619083304 0.26795
0.0012099668652083091 0.10762000000000001
0.0014831774497686438 0.07443999999999999
0.0011139415673139677 0.47267
0.0010526471303845075 0.14038
0.0010906374238609155 0.13091
0.0011687973195897907 0.4881
0.0008448771019632482 0.32104
0.0008373422453828577 0.27413000000000004
0.000982338754436323 0.42496999999999996
0.0015031780802769366 0.07268
0.0008362441802247623 0.28265999999999997
0.0008474551093540114 0.24886
0.0009414064870975116 0.40485
0.0011732603971170827 0.11395
0.0008554382384051328 0.33775
0.0009275014646614912 0.39701
0.0009042704996437228 0.38227
0.0008432404573647713 0.31766
0.0009189052415129811 0.39182
0.0008780022623562927 0.2157
0.0014297158820435706 0.07951
0.0008464497549514735 0.25054
0.0008365770078291509 0.279
0.0011487839885105013 0.48268999999999995
0.001004823572221124 0.43462
0.0008715233465742182 0.22111999999999998
0.0009676194191179359 0.41816000000000003
0.0011245472627212346 0.12343
0.000976962184141856 0.16403
0.0011319935212465038 0.12189000000000001
0.0008740177981623804 0.21896999999999997
0.0011341297007903706 0.12145
0.0008784263234756158 0.21536
0.0013388881634244572 0.08947999999999999
0.001219568409684562 0.10605999999999999
0.0011885535484095413 0.49323
0.0008745373577914723 0.21853000000000003
0.000842852460851737 0.3168
0.0010925276793736234 0.13047
0.0011241293774178654 0.47568
0.0011053497528853108 0.47007
0.0011987526481437426 0.10948
0.0008363771738257098 0.28092
0.0013721715509313669 0.5330199999999999
0.0008518120349800174 0.33271
0.000840455037482619 0.31085
0.0008900553601107216 0.20679
0.0008366896048052912 0.2955
0.0010182582462640523 0.15018
0.0008929622016250393 0.20481999999999997
0.0009566343921926031 0.17195
0.0008361877296678045 0.28368000000000004
0.0010623539962840078 0.45616999999999996
0.0014941388593358214 0.07347000000000001
0.0013193172024683645 0.09189
0.0010330943562058869 0.4457
0.0008413545514883052 0.26082
0.0008962156306102268 0.37653000000000003
0.0008974608513951921 0.20189000000000001
0.0008904085948637161 0.37214
0.0013065266829126079 0.09353
0.0009288059157896064 0.18445
0.0008839528194110463 0.21114000000000002
0.0008391098451225213 0.26709
0.0012072817894437549 0.10805999999999999
0.0010116388054494953 0.43738999999999995
0.0008426215708183724 0.31628
0.001209106475077123 0.10776
0.001161242235066048 0.11615999999999999
0.0009698061686705231 0.4192
0.0008435198012213268 0.31826
0.0008821475552973888 0.21248000000000003
0.000836641437530098 0.27848
0.0008606643362721366 0.23164
0.001153551367533407 0.484
0.0010626617838630304 0.13776
0.0012868633575842667 0.51605
0.0008759484847556963 0.35996999999999996
0.0008574099360906917 0.3403
0.0008400525905915847 0.26424000000000003
0.0013877769798566293 0.5359
0.0008873656824394422 0.20867
0.0009125268670945553 0.38778
0.0008998384625109967 0.37916
0.0011485141871833658 0.48261000000000004
0.0008361735078065712 0.284
0.000996670188106202 0.15709
0.0011218860208044037 0.47503
0.001125549572588879 0.4761
0.001143949906495842 0.11949000000000001
0.0008638959079292909 0.34792
0.0008614911693175264 0.23076
0.0008409825346115264 0.26175
0.000841849514444626 0.31446999999999997
0.0010228396842008787 0.4418
0.0011712170780673917 0.11432
0.0014223496515933197 0.08025
0.0008392857054620596 0.26653000000000004
0.0008670788503165 0.35133000000000003
0.0008367188881765347 0.29572
0.0009117398264855475 0.38727
0.000843999964108859 0.25504
0.0009115390857816994 0.1935
0.00126802608413479 0.09875
0.0012157658409279225 0.49996
0.0009392539991238578 0.40367
0.0008901888575009353 0.37196
0.001078934488962712 0.1337
0.0011868198564988428 0.11154000000000001
0.0011966393214792432 0.10984000000000001
0.0010144667344114307 0.15135
0.0008392462207716127 0.30721
0.0010888190418324826 0.13134
0.0008441492704994532 0.31958000000000003
0.001069166572102929 0.45848
0.0013098312118549383 0.52085
0.0010117174870796714 0.15220999999999998
0.0008995255158652912 0.37894
0.0008422105216241402 0.25881
0.0008488746433298021 0.24661
0.0009063984644608546 0.38372
0.0009096212043960048 0.19458
0.0010882914299941721 0.46474
0.0013317070553087657 0.52525
0.0008440472484373615 0.25495
0.0008585754699220483 0.23395
0.0009480944452066763 0.17556
0.0009879120854844022 0.42744
0.0008437300582954386 0.31871
0.0011111872527732518 0.12628
0.0010816888556714002 0.46262
0.0010966552478326801 0.46738
0.0011091325129967966 0.12673
0.0009170942329087662 0.19045
0.0008615742581641559 0.23067
0.0008380237489810897 0.30271
0.0009215352988592076 0.18812
0.0008381593203112992 0.30327
0.0009455827524795036 0.17665999999999998
0.0009330739126125399 0.40021999999999996
0.001500376698799326 0.07292
0.001019643884137396 0.44056000000000006
0.0008449627596690808 0.25319
0.0008365279105508543 0.27943
0.0008487635945547547 0.24678000000000003
0.0008389252425132655 0.30613
0.0009036703567340737 0.19805999999999999
0.000857975696999085 0.34101
0.001150287924251949 0.4831
0.001260355016828264 0.5102899999999999
0.0009275630748864919 0.39704
0.0009227899949716226 0.3942
0.0009108604535267062 0.3867
0.0009176490371899072 0.19016
0.0011107249054737858 0.12638
0.0008361152990235713 0.28651
0.0009185704400950221 0.39161999999999997
0.0008837698738490276 0.36679
0.0009246216372867902 0.3953
0.0008979259399938157 0.2016
0.0008874795084449021 0.36982
0.0010204094267309183 0.44086000000000003
0.0008782041270018159 0.21554
0.0013797503541424097 0.08476
0.0008362255717436525 0.2906
0.0008890213893954223 0.20751
0.0011472814969348821 0.48227
0.0008362436893647343 0.28267
0.0008989092873297022 0.20098
0.001184253822033583 0.11199
0.0008740705011947079 0.21893
0.0010426501672608495 0.14309000000000002
0.000841619738129818 0.26018
0.0013433328671513447 0.52753
0.0008594145474069416 0.23301
0.0011698164761043434 0.11458
0.0008411980065284532 0.26121
0.0012159503695699091 0.10664000000000001
0.0008653308696432781 0.34948
0.0011462526628856092 0.11904
0.0008361195258320513 0.28599
0.0008419991983389048 0.31483
0.001408733712638986 0.08165
0.0009476547388072086 0.17575
0.001205111960505345 0.10842
0.001343861869784791 0.08888
0.0009717874547391953 0.42013
0.0009069867411863845 0.38411999999999996
0.0008576548030814656 0.34060999999999997
0.0013210556054326118 0.09167
0.0010173818135041598 0.15045
0.0008546180778989839 0.33666
0.0010317186412221071 0.14618
0.0008361453816021379 0.28879
0.0008747696389206527 0.35888000000000003
0.0011500316817867437 0.48303
0.0013761142344426893 0.08516
0.0008361151132033586 0.28698
0.0009546476723861083 0.17278
0.0011143341123630347 0.47279
0.0009672128004428538 0.16772
0.0010372150183470367 0.14461
0.0009368048484288691 0.40231999999999996
0.000846546442800808 0.25037
0.0009321071605551185 0.18285
0.0009318827076285896 0.39955
0.000983617544935643 0.42554
0.0008704095949428241 0.22211
0.00085583977904678 0.23715999999999998
0.0011654575733572874 0.48721000000000003
0.0009861785593986993 0.42667
0.0013262181945813735 0.09103
0.000879956972827064 0.36355
0.0009849586033973674 0.42613
0.000843931485752306 0.25518
0.0008420524320713545 0.31495
0.0008561224189570121 0.23681
0.0008365401581474974 0.27931999999999996
0.0008376231333813268 0.27276999999999996
0.0012120860422027105 0.49906999999999996
0.0008432869590233489 0.25648000000000004
0.0008368007299530472 0.27731
0.0008487473782833738 0.32796
0.0008667504466163023 0.22548
0.0009795633701987184 0.16307
0.0009250691085957787 0.18631
0.000855350236448024 0.33764
0.0013427139338492125 0.08902
0.0008377295437170346 0.30143000000000003
0.0008362183754199282 0.29048
0.0008460798790663206 0.32333
0.0009762154716305711 0.16430999999999998
0.0008451514963270499 0.32158000000000003
0.0008393209649977663 0.26642
0.0011040861510836224 0.12785
0.0009984646767522804 0.15649000000000002
0.0008366574101003746 0.27836
0.0009137679366920497 0.19226
0.0010881858391616841 0.46471
0.0008418982032492025 0.31458
0.0010601509307846344 0.13840999999999998
0.0009548520340283249 0.41189
0.0011206551681614701 0.47466
0.001084993150534385 0.13224
0.0008400197205594873 0.26433
0.0008496513643020439 0.24544000000000002
0.0008667413387197586 0.22549
0.0008794500470180185 0.3631
0.0009642618341450098 0.16888
0.001266644933458768 0.51168
0.0008865377134251792 0.36906
0.001132378814045375 0.12180999999999999
0.001487914487477881 0.07402
0.0008897017241003259 0.20703000000000002
0.0008379856962789327 0.27119
0.0010524110423464055 0.45271000000000006
0.0008377493412370299 0.30151999999999995
0.000980115286599223 0.42396000000000006
0.0008380276781164133 0.30273
0.0011265283165146408 0.47638
0.0008408639226832088 0.31196
0.0008433041897889008 0.25645
0.0008361238088676829 0.28569
0.0008846436212362342 0.21063
0.0008439061199402076 0.31908000000000003
0.0008557264368353691 0.23729
0.0009553523741946367 0.41213999999999995
0.0008734358337615043 0.21946
0.0009433066211494903 0.40587
0.0009939649440832666 0.15800999999999998
0.0013117580665828964 0.09285
0.0008653366801330857 0.22685
0.0014796832914495553 0.07476000000000001
0.001488298241547078 0.07397999999999999
0.0008532866159387317 0.33482
0.001302031454880353 0.5192399999999999
0.0009013529053631625 0.38024
0.0008363516322661772 0.29236999999999996
0.0008371146662868275 0.2983
0.000965085767132225 0.16855
0.0008363810142604465 0.28087
0.0012706187287761458 0.09838999999999999
0.0012315333413106264 0.50371
0.0008762978632882566 0.36029
0.001061418729477147 0.45585
0.0012520118814108618 0.10107000000000001
0.000874743743611152 0.21836
0.0008377051173794583 0.2724
0.001090506196003009 0.46545
0.0008735305676421452 0.35772
0.0009448222790493578 0.17699
0.0013226548995669686 0.09147000000000001
0.0010482057971295854 0.14157
0.0008492504504277648 0.32877
0.001016476114511781 0.15073
0.0009900263370404459 0.15936
0.0009191502877090087 0.18936
0.00109262973646493 0.46612
0.0008683554380344633 0.22398
0.0009505763946726128 0.17449
0.0010211847769032412 0.14929
0.0011328639524344772 0.47821
0.0009093132195709312 0.38568
0.0008439872981160572 0.25506999999999996
0.0008378221642686057 0.30184
0.0015653430276235383 0.06759
0.0008553495391712063 0.33764
0.0008512850533668945 0.33192
0.0010869070122800895 0.13179000000000002
0.0011777798145511083 0.11313
0.0010478197793913407 0.45108000000000004
0.0010825763208298944 0.4629
0.001011867198486166 0.43748000000000004
0.0008479155527479967 0.32656999999999997
0.0009427634364949046 0.40558
0.000836579733342611 0.27898
0.0011481119537751002 0.11867
0.0011595100848918237 0.11649000000000001
0.001017492643534539 0.43971000000000005
0.0009075351094130698 0.19577999999999998
0.0008594915583089428 0.23292
0.0013699871790055311 0.53261
0.0013057583654941128 0.09362999999999999
0.0011711866806769116 0.48873
0.001202375898139991 0.10887000000000001
0.0009179316255335269 0.19000999999999998
0.001091790855775068 0.46585
0.000839970976279459 0.30946
0.000855790391311646 0.33821999999999997
0.0009943185770868626 0.15789
0.0009304489152589509 0.18365
0.0010827753466056138 0.13277
0.0008992193172294957 0.20078
0.0012370562612593415 0.505
0.0008954420021313311 0.20319
0.0008568512915251542 0.23594
0.0010056268569144087 0.43495
0.0009967779478935518 0.43126000000000003
0.0012199761189258444 0.50098
0.0009087724887654653 0.19507
0.0012878007518521556 0.09601
0.0010108191831604675 0.43706000000000006
0.0008494152392803074 0.32904
0.0010382369283382853 0.44761000000000006
0.00149583853998365 0.07332000000000001
0.0009557972831090412 0.1723
0.0010811022932726388 0.46242
0.001440192815168569 0.54511
0.0008387744265589528 0.26821999999999996
0.0008468825912649694 0.32478
0.0008474312679892892 0.32574000000000003
0.000855705424869032 0.33810999999999997
0.0014622606262368317 0.07636
0.0011743772219983057 0.48957
0.0009203521378157772 0.18873
0.0008399790121016199 0.26445
0.0010026267420723356 0.43371000000000004
0.0010200153267154594 0.14965
0.0009529507698707322 0.41092
0.001228745454499776 0.5030600000000001
0.0012019031536283306 0.10895
0.0009066744333352454 0.38391
0.001157402258415417 0.48505
0.0014232218984372065 0.08016000000000001
0.0008592282588851731 0.34254
0.000837297034242651 0.27437
0.0011559713674570127 0.11715999999999999
0.0009585215099596314 0.17118
0.001013653518710223 0.1516
0.0010065598722297595 0.43533
0.0010566126416684206 0.45418000000000003
0.0009390810074214385 0.40358
0.000970121335386683 0.1666
0.0008552021123310163 0.33744
0.0009595723632530937 0.41425
0.0008606108607930025 0.2317
0.0008691151175191856 0.22328
0.0008413487303243595 0.31322
0.001345678589353748 0.08867
0.0008761463763666222 0.2172
0.0008364112371062123 0.28055
0.0013329052345642928 0.52549
0.0008688812766127341 0.22349000000000002
0.0008423184869262398 0.31558
0.0010352584582435168 0.44651
0.0008724146981714818 0.22034
0.0008938955615196199 0.3748
0.0008820659424886628 0.36536
0.0008549439259698966 0.23826
0.0009211001818882467 0.39316999999999996
0.0009652932983921968 0.16847
0.00087732826147466 0.21624000000000002
0.0008919202033562779 0.20551999999999998
0.0014264022943658694 0.07984
0.0008374175060268357 0.27375
0.0009125151889857487 0.19295
0.0010191242585090537 0.44035
0.001256660156292362 0.50946
0.0008462197985293721 0.32359
0.00091045461015489 0.19411
0.0012176334656134108 0.10637
0.0012961223429493586 0.0949
0.001105949048779524 0.12743
0.001423252220657698 0.08016000000000001
0.0009637754859701051 0.41631
0.0010231085062133982 0.14872
0.000906038121333023 0.38348000000000004
0.0009855088794383726 0.42638000000000004
0.001331234224952978 0.09041
0.001082503428040569 0.46288
0.0011293642993395348 0.4772
0.001246509309827821 0.10189
0.0011621165218730957 0.48632
0.0010170485455539757 0.15055
0.0008518466253524824 0.33276
0.0009544544694280744 0.41168999999999994
0.000848967052503364 0.32832
0.000982871346136063 0.4252
0.0008398755078376858 0.30918
0.0010431407697564497 0.4494
0.0009299459103165301 0.18389
0.0009618988950083325 0.16982
0.0009539137593695255 0.41141000000000005
0.001398689760003522 0.08271
0.0008729254173588509 0.35715
0.001370292186948701 0.08582000000000001
0.0009235079203839311 0.1871
0.0010826991746006895 0.46293999999999996
0.0008456452918934419 0.32252
0.0012216537785254035 0.10572999999999999
0.0011717993013537098 0.11420999999999999
0.001375134129639447 0.08527
0.0008818405377597335 0.36517
0.0012948251639163168 0.09507
0.001237622539487599 0.50513
0.0008371187854518831 0.29832
0.0009537302319917921 0.41131999999999996
0.0009539384892435172 0.41142
0.0010664511846416817 0.13679000000000002
0.001093973175710545 0.13014
0.0008554660720479691 0.23761
0.0008400731685264056 0.30976
0.000836130786446739 0.28533000000000003
0.0008871822173024597 0.2088
0.0009781269147067105 0.1636
0.0008508590575223952 0.24368
0.0011087425996490433 0.4711
0.0008437090302427238 0.25561999999999996
0.0011059632297482833 0.12743
0.0008404233555873672 0.31076
0.0010688343096265172 0.45837
0.0008851510039284726 0.36793000000000003
0.0008796491157909717 0.2144
0.0012164200593235577 0.50012
0.0013616326608973785 0.53104
0.0008825595678701996 0.36578
0.0009685887794236345 0.41862
0.001200254572185945 0.10923
0.0008703223236380082 0.22218000000000002
0.0008472525080425963 0.32543
0.0010105104305491266 0.43693000000000004
0.0009599926651212684 0.41446000000000005
0.000994168073388684 0.15794
0.0009679829369750818 0.16742
0.0011692486286273961 0.48822
0.001023830058577674 0.1485
0.001090572949809675 0.13093
0.0011919802843600817 0.11064
0.0013282581422570591 0.09078
0.0010985284072844563 0.46797
0.0009822177711955333 0.42491
0.0010137273185006352 0.43822
0.0015394211668799892 0.06964
0.0008497555613325965 0.24528000000000003
0.000836309335616783 0.29185
0.0010873025441334983 0.13169
0.0010838226623993952 0.13252
0.0010652923105706677 0.13708
0.0008384918374636333 0.30457
0.0009472899574928883 0.40799
0.0010177099106611423 0.15035
0.0010220338184708528 0.44148999999999994
0.0009201974930029062 0.18880999999999998
0.0008361405938752002 0.28862
0.000836694956307146 0.29554
0.001219118568265821 0.5007699999999999
0.0010376567065280935 0.14449
0.0011152399648525308 0.1254
0.0008992703540438477 0.37875
0.0008361305664993513 0.28534
0.0013638739583041628 0.08653999999999999
0.0008364300742544285 0.29324
0.0008618009750604128 0.34557
0.0008395958832963913 0.30832
0.0010578745326011603 0.139
0.0008442156785241701 0.25461999999999996
0.0010520480536859822 0.14054
0.0009480542241510174 0.40839000000000003
0.0009168296990434378 0.1906
0.0008363182453652357 0.29196
0.0008986546088512878 0.20114
0.001110943699603545 0.12633
0.000975065658249348 0.16473
0.0008754510667475358 0.21777
0.0010822785010920896 0.13289
0.0009395683353619793 0.40384000000000003
0.0008636066511056099 0.3476
0.000836288711076569 0.282
0.0009034169907236668 0.19821
0.0008423485526667286 0.2585
0.0009888542850690057 0.15975999999999999
0.0008422991707948539 0.31554
0.0008936827333312052 0.37464000000000003
0.0009805967918724181 0.42418
0.0011231555814814574 0.12372000000000001
0.0011405810324939725 0.4804
0.0011641942472791185 0.11560999999999999
0.0011752383734511403 0.11359000000000001
0.0011974198964168198 0.10970999999999999
0.0011086512460124663 0.47108
0.0009248072062814241 0.18644000000000002
0.000958975496401904 0.41395
0.0011851521890955776 0.49236
0.001262036959613795 0.09961
0.0011396777266133623 0.12034
0.0008371169304068951 0.29830999999999996
0.0011437420211852225 0.48128999999999994
0.0008375908257710869 0.27292
0.0008448213880721823 0.32093
0.0008575902976091696 0.34053
0.0013559046775194297 0.08746
0.0010799027396090335 0.46203
0.0009230186465930556 0.18735
0.0009575192092627256 0.41323000000000004
0.0008439651656658645 0.25511
0.0009484952379069335 0.17539000000000002
0.0009250938153174138 0.39558000000000004
0.001370744454253326 0.53276
0.0008844979326268691 0.21074
0.0011471546166084575 0.48223999999999995
0.0008505986575554402 0.33089
0.0012111194499566857 0.49883999999999995
0.0008574865639264292 0.2352
0.0008364732767021899 0.27993
0.0008399749144351813 0.30946999999999997
0.001440363457357813 0.07846
0.0008599577636329228 0.34342
0.0010212594845967803 0.44118999999999997
0.0009786488052068202 0.4233
0.0012780797669239665 0.09734
0.001249815021194078 0.1014
0.0010158920900021871 0.43908
0.0009587268373858664 0.41383000000000003
0.001091590140177996 0.13069
0.0008368284040851668 0.2965
0.000885966935220702 0.20967
0.0009138270312781995 0.19222999999999998
0.0009911192342617996 0.42883000000000004
0.001056158861492598 0.45403000000000004
0.0008780580643465857 0.21566
0.0008406909264705902 0.2625
0.0009241200026932684 0.18679
0.0011882803895396782 0.11127999999999999
0.0009686184587903801 0.41863999999999996
0.0011078509132446486 0.12700999999999998
0.0009508226069055094 0.40983
0.0011776152763153089 0.11316
0.0008927912166606457 0.20494
0.0009189130781346713 0.18949000000000002
0.0008962550428368043 0.20267000000000002
0.0008368488812922025 0.27699
0.0008660732024503255 0.22613000000000003
0.000851145568837399 0.24328000000000002
0.0008362135782215721 0.28318000000000004
0.0009952043412988461 0.43059
0.0008808246547478605 0.21349
0.0012855945695043594 0.09631
0.0008934084521734068 0.37444
0.0008407536194441121 0.26234
0.000865432781656506 0.22675
0.0009589993493428045 0.41397
0.0011686427861788433 0.48806000000000005
0.001055182099498765 0.45368
0.0013854124072760917 0.08413999999999999
0.0011427295136065341 0.11972999999999999
0.0011541276645681347 0.11750999999999999
0.000840446592886058 0.26315
0.0009698737328096703 0.1667
0.0013195467825895014 0.52282
0.0008962985898637954 0.37659000000000004
0.0008526444283494914 0.33391
0.0008397404315770236 0.30877
0.0008664955466871004 0.22573000000000001
0.0008400261169241888 0.30962
0.0011828037531062326 0.49176000000000003
0.0008459881575478178 0.32316
0.0009048034105152358 0.19738
0.0010705233456025475 0.13577
0.00138121623883544 0.0846
0.0009091572543220339 0.38556999999999997
0.0008556640329656249 0.33805
0.0011052991030460618 0.47006000000000003
0.00134569486621214 0.08866
0.0008611856554803306 0.34486
0.0009235841477139671 0.18706
0.0009036115320081842 0.19809000000000002
