0.0009913697398352816 0.2996
0.0009949576500521509 0.29645
0.0010083578570494044 0.28593
0.0010166308816346803 0.28017
0.0009966286170403867 0.29504
0.0010268321055610455 0.27366
0.0010050967930059387 0.28834
0.0010031604003628738 0.28981
0.0009832436317190449 0.30741999999999997
0.0009835249404502686 0.30713
0.0009707576497985056 0.32238
0.0010119585498622706 0.28336999999999996
0.0010022705556740252 0.2905
0.001022642329423018 0.27626
0.0009967758863573084 0.29491999999999996
0.0010213140846806264 0.27710999999999997
0.00101708573795313 0.27987
0.0010004317873701894 0.29195
0.0009796549489848967 0.31127
0.0010316286606105382 0.27078
0.0009920310343124262 0.29901
0.0010176925227327737 0.27947
0.0010151017106566796 0.2812
0.0009973398061767459 0.29445
0.0010253423712020527 0.27457
0.0009953548144167976 0.29612
0.000990627380828767 0.30027
0.0009991287498609146 0.29299000000000003
0.0010303291992826956 0.27155
0.0009726927804046444 0.31972
0.0009724734470187889 0.32001
0.000982178936328796 0.30853
0.001009094313425736 0.2854
0.001011472152085472 0.28371
0.0010129506962070437 0.28268000000000004
0.0009839262725465788 0.30672
0.0009857465928122162 0.30489
0.0009873998153757605 0.30328
0.001006532481442812 0.28726999999999997
0.0010145019767772046 0.28160999999999997
0.000979274603765731 0.31169
0.0009909714236040238 0.29996
0.0010188989304643927 0.27867
0.0009960964166176077 0.29549000000000003
0.0010350068709080599 0.26882
0.000980367509949905 0.31048000000000003
0.0009955607253859264 0.29594000000000004
0.0009770904456557748 0.31421
0.0009933081596500038 0.29788000000000003
0.0010104101036222275 0.28446
0.0009849557897223032 0.30568
0.0009886149099042206 0.30213
0.0009849061093462448 0.30573
0.0009786177702398686 0.31244
0.0010100358429467721 0.28472
0.0009949203844698171 0.29649000000000003
0.0010154753371902868 0.28095
0.0009847770325178216 0.30585999999999997
0.00099862705733992 0.2934
0.0009901437424208407 0.30071
0.0009920764589341463 0.29896999999999996
0.0009920289261220487 0.29901
0.0010018488812537027 0.29083000000000003
0.0010440623498691962 0.26379
0.0009980353992095586 0.29388000000000003
0.0010148267211962981 0.28139000000000003
0.0010005726164560775 0.29183000000000003
0.0009933857596826252 0.29780999999999996
0.0009946521947137139 0.29672
0.0009956452932177397 0.29586999999999997
0.001024971762426459 0.2748
0.0010322353482812958 0.27042
0.0010610662829596072 0.25511999999999996
0.0009832418737264045 0.30741999999999997
0.0010425173194768104 0.26461999999999997
0.0010208367212482608 0.27741
0.0010380998002855388 0.26705999999999996
0.0009850755018846438 0.30556
0.0010158951627558537 0.28067
0.001031167529884416 0.27105
0.0009891318400019969 0.30165
0.0009958888360571056 0.29566
0.0010207490694048081 0.27747
0.000973863042240208 0.31819000000000003
0.0010099582044870473 0.28478000000000003
0.00099073327040248 0.30017
0.0010166692544097517 0.28015
0.001002999189768686 0.28994000000000003
0.0010032205257177098 0.28976999999999997
0.0010063052383204995 0.28744000000000003
0.0010147512834927312 0.28144
0.0009857472913147294 0.30489
0.000985162635624742 0.30546999999999996
0.0009773392511152974 0.31392
0.0009856733806625927 0.30496
0.001000226375196216 0.29211
0.001001787282796818 0.29088
0.0009718565659437365 0.32085
0.0009781778136047086 0.31294
0.00100883404059934 0.28559
0.0009958153231160204 0.29573
0.0010030297326902439 0.28991
0.0010087106646114847 0.28567
0.0009839767655706836 0.30667
0.0010098987356109966 0.28481999999999996
0.0010226598457459398 0.27625
0.0009739110640040651 0.31813
0.000992404046580273 0.29867
0.0009961292168948494 0.29546
0.0009966544279386839 0.29502
0.0009858174743485751 0.30482
0.0009914733370335368 0.2995
0.0010119238893725087 0.28339000000000003
0.0009742224708110726 0.31773
0.0009775243355410561 0.3137
0.0010071997629761886 0.28678000000000003
0.0009930143301192542 0.29814
0.0010212093322084304 0.27718000000000004
0.001004668584085138 0.28865999999999997
0.0009957638387483756 0.29577
0.000980048347872037 0.31083
0.0009928028994659005 0.29832
0.0009887752501150596 0.30198
0.001002174593732919 0.29058
0.0010000095172351215 0.29228000000000004
0.0009923545581504336 0.29872
0.0009875825230000127 0.30311
0.0010034057144456053 0.28962
0.0009850869991602973 0.30555
0.0009962661985380315 0.29535
0.0010102618302789287 0.28456
0.0010015509638742323 0.29106
0.0010134528869553054 0.28233
0.0009769963325694246 0.31432
0.0009705994236462222 0.32261
0.0010046230557291692 0.2887
0.0009944452691176278 0.29689
0.0009926421128949186 0.29846
0.0010493124064451362 0.26100999999999996
0.0010166887348687387 0.28013000000000005
0.0010539749114797463 0.25861999999999996
0.0010379838333460243 0.26713000000000003
0.0009709771471147615 0.32206999999999997
0.0009694446339252763 0.32429
0.001023874176275445 0.27549
0.0009891789429227102 0.3016
0.0010302487187317144 0.2716
0.000996419679037737 0.29522
0.0010209675096917862 0.27733
0.0010292797808428115 0.27216999999999997
0.0009950239915114687 0.2964
0.000974455080666382 0.31743000000000005
0.000983830063952688 0.30682
0.000982318001932458 0.30839
0.000990350053372574 0.30052
0.0010013464716791794 0.29122
0.0010147073109611955 0.28147
0.000984745152030204 0.30589
0.0009954207664940908 0.29606
0.0009891198624822036 0.30166
0.00098932062876263 0.30146999999999996
0.0010015663296044563 0.29105
0.0009790484248659473 0.31195
0.0010022842372370776 0.29049
0.0009963876868654357 0.29524
0.0010092354550394424 0.2853
0.0010414617968064245 0.2652
0.0009831645866001937 0.3075
0.0010099511903103175 0.28478000000000003
0.0009868236038050467 0.30384
0.001007133361699312 0.28681999999999996
0.001049763779715822 0.26078
0.0010297405630748614 0.2719
0.0009902918012916874 0.30058
0.0009794266355825812 0.31151999999999996
0.0010199965412238962 0.27796
0.00098950749427515 0.3013
0.0009950310836781813 0.29639
0.0009924450846440676 0.29864
0.001017601716459542 0.27953
0.0010255247929892332 0.27446
0.001011689039008866 0.28355
0.0009886356934773815 0.30211
0.000973012028233634 0.3193
0.0010190156593206053 0.2786
0.0009912551382883494 0.2997
0.000985978049665138 0.30466
0.0009846984880870866 0.30594
0.000998437801585872 0.29355
0.0009728000196593659 0.31958000000000003
0.0009958676593159986 0.29568
0.0009734350570673667 0.31874
0.000995319380463277 0.29615
0.0010070270628674864 0.2869
0.0010068713384521184 0.28702
0.0010052092104547675 0.28826
0.0010300829010496748 0.27169
0.0009997988117750277 0.29245
0.0010040915818247227 0.2891
0.0009750243575647169 0.31672
0.000993744149207339 0.2975
0.0010040195783305324 0.28915
0.0010086915602837971 0.28569
0.0010050208027471317 0.2884
0.0009785550657260232 0.31251
0.0010157377545519065 0.28076999999999996
0.000990832723341785 0.30008
0.0009817310373982542 0.30901
0.000980157207690449 0.31071
0.0010307093076924725 0.27132
0.001004758961413466 0.28859
0.000972730252130403 0.31966999999999995
0.000995229339514073 0.29622
0.000987484194479388 0.3032
0.0010256550860449323 0.27438
0.0010044805072670397 0.2888
0.001003216352685756 0.28976999999999997
0.0010111623482376203 0.28392
0.0009802440143269308 0.31062
0.000986054685044966 0.30459
0.0009837211181938585 0.30693000000000004
0.0009729470680677691 0.31938
0.0010401979344982794 0.26589
0.0009946729580321949 0.2967
0.0009984514218169965 0.29354
0.0010253371706710087 0.27458
0.0009844597840339671 0.30618
0.001006499151893747 0.28729
0.001012069296205357 0.28329
0.0010166554583225743 0.28015999999999996
0.0009959514285076752 0.29561
0.0009850605261043327 0.30557
0.0009930842240979945 0.29808
0.00101761324629412 0.27952
0.0010208428245322822 0.27741
0.0010103961254322269 0.28447
0.0010346528145597786 0.26902
0.0010130404833102126 0.28261
0.0009897640044634808 0.30106
0.0009983233811952832 0.29364
0.0010300190037812662 0.27173
0.0009824472744930216 0.30825
0.001018281621958805 0.27908
0.0009674201693907702 0.32742
0.0009845508108371251 0.30609000000000003
0.0010204124652080796 0.27769
0.0010042185171466593 0.289
0.0010027351401070193 0.29014
0.0009776717316863474 0.31353000000000003
0.0010010689604164982 0.29144000000000003
0.0010254221511682637 0.27452
0.0009805926649472238 0.31024
0.0009899103698916487 0.30093000000000003
0.0009712796732857482 0.32165
0.0009976268168843138 0.29422
0.0010032913652303405 0.28970999999999997
0.0009928993043598201 0.29824
0.000982806924729589 0.30787
0.0010123508956953508 0.28309
0.0010128104774116983 0.28276999999999997
0.0009777223630858824 0.31346999999999997
0.0009922114732232301 0.29885
0.0010226901018839457 0.27623000000000003
0.0010070764632746515 0.28686999999999996
0.0010191754691238448 0.27849
0.0010055424048613132 0.28801
0.0009975984923234484 0.29424
0.0009825151808629837 0.30818
0.0009879833481614365 0.30273
0.0009981782039785725 0.29375999999999997
0.0009822308083748004 0.30848000000000003
0.000979902030335776 0.31099
0.0009961722681223926 0.29543
0.0010079480838625574 0.28623000000000004
0.0009741781141978024 0.31778
0.0010105103852997449 0.28439000000000003
0.0009871574702126555 0.30351999999999996
0.0009864399574516446 0.30421
0.0009955066690525228 0.29599000000000003
0.0009805221684390795 0.31031
0.0009976711517285354 0.29418
0.0009732095431646913 0.31904
0.000975724625453376 0.31585
0.0009925957457680454 0.29851
0.0009933479585816976 0.29784
0.0010198719951970072 0.27804
0.0009829565428321981 0.30772
0.0009748430005679533 0.31694
0.0009755048831880004 0.31611999999999996
0.0010074770414046986 0.28657
0.0009819539899357506 0.30877
0.0010018361107726546 0.29084
0.0009744518537362068 0.31744
0.0009870146807766237 0.30365
0.0010269399286048596 0.27359
0.0009905211529829695 0.30036999999999997
0.0009831443304058952 0.30751999999999996
0.000997639136083521 0.29420999999999997
0.0009918770374130303 0.29914
0.0009987347461728174 0.29331
0.0010493981261435604 0.26097
0.0010327817479918898 0.2701
0.001022521400654809 0.27634000000000003
0.0009908307219143933 0.30009
0.0010168405177612516 0.28003
0.0010030448040650726 0.2899
0.000987960266723232 0.30275
0.0009899223163668859 0.30091999999999997
0.0010647702977342373 0.25335
0.0010061828222530363 0.28753
0.0009920698369788818 0.29896999999999996
0.0010242673317278337 0.27524
0.0009859348381038204 0.30471
0.0009964898529853708 0.29516
0.0009852918805480788 0.30534
0.0009758253205535193 0.31573
0.000984567157121013 0.30607
0.0010054783610777434 0.28805
0.0009813034567511232 0.30946999999999997
0.0009954677484546128 0.29602
0.0009834443137627183 0.30721
0.0009740628285348587 0.31793000000000005
0.000989863777502447 0.30096999999999996
0.001001285834278463 0.29127
0.0010014082844192196 0.29117
0.0009803016180687633 0.31055
0.0009949712960275415 0.29644000000000004
0.0010006160559298688 0.2918
0.0010282432829957623 0.2728
0.001043910417622081 0.26387
0.0009749228585241468 0.31684
0.0009938385034568879 0.29741999999999996
0.0009690590211642563 0.32487
0.0009952642837586499 0.29619
0.0010028946822456099 0.29002
0.0009966408205796925 0.29503
0.0009946134777983795 0.29675
0.0010045408961220105 0.28876
0.0010212348161924077 0.27716
0.001002809920953209 0.29008
0.0009832045023275653 0.30746
0.0009722114519767106 0.32037
0.0010111309506442875 0.28395
0.0009924630702319573 0.29862
0.0010077760385289753 0.28635
0.0010001869046932109 0.29214
0.0010376995558844702 0.26729
0.0010003832422026872 0.29198
0.0009796221928136401 0.31131
0.0010056498300047795 0.28792
0.0009980037570456984 0.29391
0.0010098053757337253 0.28489000000000003
0.0010069330111130642 0.28697
0.0010079667897220088 0.28620999999999996
0.0010047430584609837 0.28861
0.0010283386549010058 0.27274
0.0009814181275804182 0.30934
0.0010305940066965467 0.27139
0.0010243367467875067 0.2752
0.0009808591953339415 0.30995
0.0009822773905420138 0.30843000000000004
0.0009879320224239019 0.30278
0.001002494908434582 0.29033000000000003
0.0010035814523777049 0.28949
0.0010011291876126217 0.29139
0.0010527102236514221 0.25926
0.0010132793526188048 0.28245
0.0009749316617380733 0.31683
0.0010096152974882354 0.28502
0.0010118653951819434 0.28343
0.0009974605952444522 0.29435
0.0009809107834358349 0.30989
0.0009957039361950192 0.29581999999999997
0.000988673599069742 0.30208
0.0009812354988926288 0.30954
0.000998280743768958 0.29368
0.001002325358401849 0.29046
0.001013727443684862 0.28214
0.0009915822350897558 0.29941
0.0009860889527453741 0.30456
0.0009886012557890986 0.30214
0.0010398089797150707 0.26611
0.0009873534359446424 0.30333000000000004
0.0009983356087751903 0.29363
0.0009986217222193673 0.2934
0.0009909315292671087 0.29999000000000003
0.0010077337492181307 0.28638
0.0010425200243284133 0.26461999999999997
0.0009919871965596951 0.29905
0.0009775314434193427 0.31369
0.000993208525932948 0.29796999999999996
0.000986753484185386 0.30391
0.001017085058001632 0.27987
0.0009943839004661773 0.29695
0.0009983359722236526 0.29363
0.0010109946411914648 0.28404
0.0010025276252322549 0.2903
0.000964005790292368 0.33341
0.0010126584332906033 0.28288
0.0010069453825579877 0.28696
0.0009837202377778178 0.30693000000000004
0.0009931134285070123 0.29805
0.0010059932702506324 0.28767
0.0010133123083081233 0.28243
0.0010044614803614463 0.28881999999999997
0.0010174682674596951 0.27960999999999997
0.0010047617427406828 0.28859
0.0010025828542548378 0.29026
0.0009851770643393989 0.30546
0.0010329248567703985 0.27002
0.0010323855327577587 0.27034
0.0010098785034572996 0.28484
0.001020258419659593 0.27779
0.0010173400040365023 0.2797
0.0009735716887021076 0.31856999999999996
0.000977465918015401 0.31377
0.000982935740708022 0.30774
0.0010133628547137207 0.28239000000000003
0.000969346431854429 0.32443
0.000993419040204007 0.29778000000000004
0.001008835287303284 0.28558
0.0010084858221419842 0.28584
0.0010139472236201563 0.28199
0.0009861173715756844 0.30453
0.0009883684409261408 0.30236
0.0009992355664175025 0.2929
0.0010093373631488288 0.28522
0.001010133602254102 0.28465
0.0009813178042577645 0.30945
0.001010164510895675 0.28463
0.0009999578045764115 0.29231999999999997
0.0010389705936496008 0.26658000000000004
0.0010345553513115085 0.26908000000000004
0.0010070567622857383 0.28688
0.001025730559525457 0.27433
0.0009906349155697008 0.30025999999999997
0.001003702897356308 0.2894
0.0009911603823525314 0.29979
0.0010306735678364959 0.27134
0.0010151753793884338 0.28115
0.0009858793207833168 0.30476
0.0009988974667817885 0.29318
0.00097970150029685 0.31122
0.000995210068416544 0.29624
0.0010205539763277229 0.2776
0.001039452595025078 0.26631
0.001008305745165274 0.28597
0.0010090468957056513 0.28543
0.0010119375306154974 0.28338
0.0009975457485690226 0.29428000000000004
0.0010024345262049734 0.29036999999999996
0.000999788018302178 0.29246
0.0009966197841069764 0.29505
0.00099265645604775 0.29845
0.0009879342635001234 0.30277
0.0010312303610373352 0.27101
0.0009823914698210772 0.30831
0.001000522805465728 0.29186999999999996
0.0009891459206011737 0.30163
0.0010135675784178728 0.28225
0.0010200223473897918 0.27794
0.0010151267872755055 0.28118000000000004
0.000985370194984084 0.30527
0.0010005658669152591 0.29184
0.000997146157996594 0.29461
0.0009948841742130963 0.29652
0.0009863990284223886 0.30425
0.0010005952305222753 0.29181999999999997
0.001003527735452162 0.28953
0.0010049966122232287 0.28841
0.0009887084373085176 0.30204000000000003
0.0009893970572418486 0.3014
0.0010264492391074687 0.27389
0.000989572317579953 0.30124
0.0009850761992513811 0.30556
0.0010162638306787995 0.28042
0.0010021106468689387 0.29062
0.0009813739757855004 0.30939
0.0009910984882151792 0.29984
0.0009832742690993438 0.30739
0.0010316839415002454 0.27075
0.0009870827031850794 0.30359
0.0009803505687084563 0.3105
0.000983188277003869 0.30748000000000003
0.0010018033756132626 0.29086
0.0010118152404299233 0.28347
0.0009952115125562934 0.29624
0.0009981898738922455 0.29375
0.0009685487487987025 0.32564
0.0010041724551650576 0.28904
0.0009766396732108283 0.31475
0.000982266502042535 0.30844
0.0009834662219438556 0.30719
0.0009671282066979033 0.3279
0.0009868932064571291 0.30377
0.0009967100643264184 0.29498
0.0009753444490863086 0.31632
0.0009897957232922513 0.30103
0.0009615359332966375 0.33858
0.001007831941256286 0.28631
0.0010207757285388135 0.27745
0.001007653977391651 0.28644000000000003
0.000996524529186707 0.29513
0.000978192020653663 0.31293000000000004
0.0009972082968937703 0.29456
0.0009769094204950294 0.31442
0.001007202900369321 0.28676999999999997
0.0010558028281968377 0.25771
0.0009815889362427479 0.30916
0.0010436332323272395 0.26402
0.0009905449068008294 0.30035
0.0009947147053883793 0.29666
0.0009837338017880083 0.30691999999999997
0.0009921804068980273 0.29886999999999997
0.0010147837875216172 0.28142
0.0010004756908086581 0.29191
0.0010104170125503403 0.28445
0.000983279050718176 0.30738000000000004
0.0009933536546898637 0.29784
0.001040806770679478 0.26556
0.0009853623781919995 0.30527
0.0009780731678954986 0.31306
0.0009803305998655981 0.31051999999999996
0.0009904589105408407 0.30041999999999996
0.0010373627012490356 0.26748
0.0009786761332482546 0.31237
0.0010013794167679176 0.2912
0.0009977876509686104 0.29408
0.0009900425188060584 0.3008
0.0009937029307443856 0.29753
0.0010157959803206386 0.28073000000000004
0.0009955176345955038 0.29598
0.0010287722809075594 0.27248
0.0009764939038759977 0.31492
0.0009953965808918858 0.29608
0.0010161909130738675 0.28047
0.0009999034671383377 0.29236999999999996
0.0010040825624346795 0.28911
0.000977963675638903 0.31319
0.0010107958591124874 0.28418000000000004
0.0009994943171141666 0.2927
0.0010074572726477909 0.28659
0.0009727514599160662 0.31964000000000004
0.0009747280524199098 0.31709
0.0009987408530534644 0.2933
0.0010066648537265894 0.28717
0.0010115477752991914 0.28365
0.0009962169162516168 0.29539
0.0009999673751966225 0.29231999999999997
0.0010097585221159413 0.28492
0.0009817039478049762 0.30904
0.0010005864746323672 0.29181999999999997
0.0010103486552771298 0.2845
0.0010144394530411098 0.28165
0.0009618957932732549 0.33776999999999996
0.000998106703065459 0.29381999999999997
0.0010422490933758605 0.26477
0.0009920919240448093 0.29895
0.0009839799016387435 0.30666
0.0010056478834732493 0.28793
0.0010002256123330373 0.29211
0.001014736831116065 0.28145
0.0010006441976307264 0.29178000000000004
0.0009798439317740058 0.31106
0.0010000775960538073 0.29223000000000005
0.0009901604209193386 0.3007
0.0009762173883106665 0.31525
0.0009999821279861583 0.2923
0.0010036200926281291 0.28946
0.0010097314198398268 0.28494
0.0009818174923226302 0.30892
0.0010674850402463873 0.25206999999999996
0.000984388766772323 0.30625
0.0010102832309572913 0.28455
0.0009835752118086704 0.30708
0.0009888241555129908 0.30193000000000003
0.0009995667749189347 0.29264
0.0009900320157133864 0.30080999999999997
0.001008806468301073 0.28561
0.0009979759119717888 0.29393
0.001012926827865059 0.28269
0.001019778012914244 0.2781
0.0010205159885808663 0.27762
0.000999491109870783 0.2927
0.0009865797558204093 0.30408
0.0010066793159466516 0.28715999999999997
0.0009876343747913373 0.30306
0.000999567802985913 0.29264
0.0010173639781949925 0.27968000000000004
0.00098077762557335 0.31003000000000003
0.0009900994079552114 0.30075
0.0010202834423290374 0.27776999999999996
0.0010029586347884724 0.28997
0.0010180129061489115 0.27925
0.0009749937298385177 0.31676
0.0009751002806234176 0.31661999999999996
0.0009819248790389936 0.3088
0.0009874678317267416 0.30322
0.0010043296381066764 0.28891999999999995
0.0010025909733527524 0.29025
0.0009944303508833232 0.29691
0.0009879820166528513 0.30273
0.0009826306033869892 0.30806
0.0009882214583927717 0.3025
0.0010005658504465007 0.29184
0.000996502014122356 0.29515
0.000973239094742709 0.319
0.001009811788327532 0.28488
0.0010117043733159413 0.28354
0.0009884580239681417 0.30228
0.0010437981769757855 0.26393
0.0009935862681417988 0.29764
0.0009964814656549192 0.29517
0.0009813567740726535 0.30941
0.0009825353482774235 0.30816
0.0009920268179316714 0.29901
0.0009769145525008948 0.31442
0.0010079157844627277 0.28625
0.0009703217857444677 0.323
0.0009641540990340327 0.33313000000000004
0.0010152521824845831 0.2811
0.0009906872031205881 0.30022
0.0009674482732324132 0.32738
0.0009857420703397095 0.3049
0.001008444011750207 0.28586999999999996
0.000978330908508311 0.31277
0.0009750824315179974 0.31665
0.0009716585444563847 0.32111999999999996
0.0009921067071217168 0.29894
0.0009938349961792269 0.29741999999999996
0.0009995549348280912 0.29265
0.0009835408791797086 0.30711
0.000989731094394516 0.30109
0.0010012704681696468 0.29128000000000004
0.0009912380883909542 0.29972
0.0010153734902235327 0.28102
0.001033627273737387 0.26961
0.0009902207732401672 0.30064
0.0010019882484060105 0.29072
0.0009862071653042159 0.30444
0.0009993141719908695 0.29284
0.0009797674205724027 0.31114
0.0009803091452378545 0.31055
0.0009937420864480195 0.2975
0.0009858942439393192 0.30475
0.0010078542568025747 0.2863
0.0010116391114121347 0.28359
0.0010414744383768458 0.26519000000000004
0.0010250580430091508 0.27475
0.001018701967142095 0.2788
0.0009740413964333478 0.31795999999999996
0.001004479611328721 0.28881
0.000984054646897271 0.30659000000000003
0.0010176205491473631 0.27951
0.0009728441604751117 0.31951999999999997
0.00099854232444193 0.29347
0.0010017651718795854 0.29089
0.0009925723453659558 0.29853
0.0010059733686078806 0.28768
0.0009778908613896273 0.31327
0.0010109288441476566 0.28409
0.0010120175532592752 0.28331999999999996
0.0009938790273925453 0.29738000000000003
0.0010154745321140838 0.28095
0.0010099594563019857 0.28478000000000003
0.000976483674505449 0.31493000000000004
0.0010092647510677602 0.28528000000000003
0.0010020199117710311 0.2907
0.001013577262805024 0.28224
0.0009883530030741128 0.30238000000000004
0.000980688327800533 0.31013
0.000979810391159818 0.3111
0.0010159691883107076 0.28062
0.0010185060286687427 0.27893
0.0009855187899414125 0.30512
0.0009851753373913148 0.30546
0.0010543628489858529 0.25843
0.0009778198984559565 0.31335999999999997
0.0010266904628806308 0.27374
0.000982503462678812 0.30819
0.0009875593092438524 0.30313
0.0009677533965455365 0.32689
0.0009721651102155113 0.32043
0.0010245798071111796 0.27505
0.0010133437308885375 0.2824
0.0009899901553474457 0.30085
0.0009910478908889378 0.29989
0.0009834819541512788 0.30717
0.0009782740121659075 0.31283
0.000995667531152638 0.29585
0.000981561217997208 0.30919
0.0009995042352819695 0.29269
0.0010142555755671195 0.28178000000000003
0.0009952151428764028 0.29623
0.0010124648790013045 0.28301
0.0009975868551579962 0.29425
0.0009960749765656619 0.29551
0.0009918078938039277 0.29921
0.0009833219491837872 0.30734
0.0009892787135008276 0.30151
0.0009857927961979855 0.30485
0.0009880500479582223 0.30266
0.0009848725891760332 0.30576
0.0009861821433919554 0.30446
0.0009913587479801458 0.29961
0.0009891637890147933 0.30162
0.0009972093062204374 0.29456
0.0009843751643350293 0.30626
0.001003229468632139 0.28976
0.0010135368329495153 0.28226999999999997
0.0009870796437819295 0.30359
0.0009862796151585487 0.30437
0.0010130428943743086 0.28261
0.0010256776175780417 0.27437
0.0010101172037244976 0.28467
0.0009845606919028976 0.30608
0.0010333727329854114 0.26976
0.000983984939943052 0.30666
0.0009900657868901922 0.30078
0.0010016525719493412 0.29098
0.0010283107288083762 0.27276
0.0009953141678172841 0.29615
0.0010240997297409997 0.27535
0.000979741961575507 0.31117
0.0009822454034807066 0.30846
0.000997022988720052 0.29470999999999997
0.0010139143900268056 0.28201
0.0010011930536471781 0.29134
0.0009738967698789167 0.31815
0.0010268742691792972 0.27363000000000004
0.0010121548720387651 0.28323000000000004
0.0009936595276154407 0.29757
0.0010019345899729545 0.29076
0.0009930066004033638 0.29814
0.0010319834506704027 0.27057
0.0009934530962714043 0.29775
0.0010355982042063578 0.26848
0.0009797972897892327 0.31111
0.0009852567477646118 0.30538000000000004
0.0009887971003715982 0.30196
0.0010135807174583766 0.28224
0.0010246522758951201 0.275
0.000994196181039067 0.29711
0.0010049404282019522 0.28846
0.0010144925129199796 0.28162
0.0009935934195581825 0.29763
0.0009881837589438358 0.30254000000000003
0.0010216563060490582 0.27689
0.001007689099763834 0.28642
0.0010489386048126602 0.26121
0.0010004411827022356 0.29194000000000003
0.0009915837661164033 0.29941
0.0009995417528173782 0.29266
0.0010272814480634484 0.27338
0.0009889553159233015 0.30180999999999997
0.0009826300423134253 0.30806
0.000993447154456934 0.29775999999999997
0.0009776447482881673 0.31356
0.0009974221145706184 0.29438000000000003
0.001016556137133337 0.28021999999999997
0.0010068445697156863 0.28704
0.0009961982368936156 0.2954
0.0009966055496100916 0.29506
0.0010005356293282686 0.29186
0.0010034256128703238 0.28961
0.001028096057974122 0.27289
0.0009956292782019817 0.29588000000000003
0.0009985229058827594 0.29348
0.001024098729311248 0.27535
0.0009978696491062175 0.29402
0.001006600768297883 0.28722
0.0010004817278390535 0.29191
0.0010370103275535573 0.26768000000000003
0.0010104654564444427 0.28442
0.0010006421144274308 0.29178000000000004
0.0009943830658597865 0.29695
0.001041855903471586 0.26498
0.0009823968600267876 0.3083
0.0009761012125775824 0.31539
0.001025291007037415 0.2746
0.0010006718539764502 0.29175999999999996
0.0010011226423222673 0.2914
0.000998828241775374 0.29323
0.001016133559770741 0.28051
0.0010036874869522106 0.28941
0.000991391369940486 0.29958
0.000990610025028916 0.30029
0.0010005425914485786 0.29186
0.00100143062495259 0.29116
0.0010141237713608608 0.28187
0.0009866395326811727 0.30401999999999996
0.0009677555545207816 0.32689
0.0009801010361627132 0.31077
0.0010009106551384557 0.29157
0.0009946200422076377 0.29674
0.0009765525818730507 0.31485
0.0009954225744608946 0.29606
0.0009997082239494657 0.29252
0.000984423460199602 0.30621
0.0009792115359927192 0.31177
0.0009796327473948446 0.31129
0.0010687968205841411 0.25146
0.0009987921583470229 0.29325999999999997
0.0009806612493757235 0.31016
0.001017698298723883 0.27946
0.0009959936704945014 0.29558
0.000992701654649958 0.29841
0.001005831652480589 0.28779
0.001008792233047004 0.28562
0.0010034707991682867 0.28957
0.00098746685685196 0.30322
0.000986415464054023 0.30424
0.000999772284580386 0.29247
0.0009746145389468118 0.31723
0.0009880424948555692 0.30267
0.0010267618668741542 0.2737
0.0010359815575294372 0.26826
0.0010144104627259518 0.28167
0.0010377152068838777 0.26728
0.00104421076423807 0.26371
0.0010237629790291098 0.27555999999999997
0.0009930298317640592 0.29812
0.0010021376855415727 0.2906
0.001021184889731453 0.27719
0.0010211995845963902 0.27718000000000004
0.00098798096075935 0.30273
0.0009762226927652553 0.31525
0.0010103261595209782 0.28452
0.0010105871732522084 0.28433
0.0009832193474935854 0.30745
0.0009932206558360811 0.29796
0.0010157435648056052 0.28076999999999996
0.0010181284072307876 0.27918000000000004
0.001008449477674347 0.28586
0.0010084629604765218 0.28585
0.0010162091659478138 0.28045
0.0010219588891981631 0.2767
0.0010368190790797371 0.26778
0.001004294708248601 0.28895
0.0010121854867035352 0.28321
0.0010178997686178168 0.27933
0.000977989585539047 0.31316
0.0009876767644291014 0.30301999999999996
0.0009856245286461545 0.30501
0.0010084972700113624 0.28583000000000003
0.0010353439277117017 0.26861999999999997
0.0010238971742340807 0.27547
0.0010007705639286644 0.29168
0.0010135340953496916 0.28226999999999997
0.0009887112759924452 0.30204000000000003
0.000993000974145449 0.29815
0.0009913580367947954 0.29961
0.0010080342756653904 0.28617
0.0009927031512247198 0.29841
0.0010047844223033218 0.28857
0.0009831753113585685 0.30749
0.0010094361967113792 0.28515
0.000982991558062803 0.30768
0.0010009916134727278 0.2915
0.001010439039041524 0.28444
0.0010076038156356761 0.28648
0.0010158754063031908 0.28068000000000004
0.0009770535719163145 0.31425
0.001006844559115106 0.28704
0.0009958243955089643 0.29572
0.0010240551368862292 0.27537
0.000983835411945374 0.30680999999999997
0.0010048866478622243 0.2885
0.0010030154684738753 0.28991999999999996
0.0010041834231688876 0.28903
0.000985629492557106 0.30501
0.0009973262571209452 0.29446
0.0010055807999733214 0.28798
0.0009961546350037932 0.29544000000000004
0.0010238407200873062 0.27551
0.0010070138679846405 0.28691
0.000999830678254736 0.29243
0.001008095631444708 0.28612
0.0010002714229294526 0.29207
0.001027428900997562 0.27329000000000003
0.000981485631696223 0.30927
0.0009921681594420321 0.29888000000000003
0.0010038444802191633 0.28929
0.0009854669835811457 0.30517
0.000973492833825811 0.31867
0.000983397742006789 0.30726
0.0009697732556958557 0.3238
0.0009739524111883489 0.31806999999999996
0.0010029885657158225 0.28994000000000003
0.0010053694586677146 0.28813
0.0010025849859179282 0.29026
0.0009787826605604413 0.31225
0.0010012865941129044 0.29127
0.0010078317780830702 0.28631
0.0009804610778635617 0.31038000000000004
0.0010054492744108834 0.28807
0.0009739495658790591 0.31808000000000003
0.0009878080933129181 0.30289
0.0009954320858314343 0.29605
0.0009799409969326318 0.31095
0.001006250372746379 0.28748
0.0010292047028017857 0.27221999999999996
0.0009920045286975368 0.29903
0.0010034644484742962 0.28958
0.0009759339795287968 0.3156
0.0009951347838535012 0.2963
0.0009969483559033924 0.29478000000000004
0.0010026763367959653 0.29019
0.001003032113466968 0.28991
0.0009851132191274108 0.30551999999999996
0.0009898590045912343 0.30096999999999996
0.0010522371695441837 0.25951
0.0009910935214647867 0.29985
0.0010036057676477204 0.28947
0.001013627764158156 0.28221
0.0010017495057364919 0.29091
0.000981441824798752 0.30932
0.0009775783271352026 0.31364000000000003
0.0010329174481006499 0.27002
0.001006141706577851 0.28756
0.00101844717803367 0.27897
0.0010129571426848478 0.28267
0.00099142396180275 0.29955
0.0009977169613784704 0.29414
0.001011246490531859 0.28386999999999996
0.000994603560577057 0.29675999999999997
0.0009822991134022948 0.30841
0.0010264918468143101 0.27386
0.0009685990892501714 0.32556999999999997
0.0010017573418367757 0.2909
0.001011907801667058 0.2834
0.0009912051168007655 0.29975
0.0010070306996236625 0.2869
0.0009705307924615923 0.3227
0.0010018291030319912 0.29084
0.000986456741955944 0.3042
0.0009964030419950794 0.29523
0.0009899258425741543 0.30091
0.0010227730983690475 0.27618000000000004
0.0010114674588679066 0.28371
0.0010209482543058314 0.27734000000000003
0.00098702596092968 0.30364
0.0010019998410868852 0.29070999999999997
0.0010160931407051084 0.28053
0.000993708262836201 0.29753
0.0010003240822578296 0.29203
0.0010135642246593276 0.28225
0.0009951884104848164 0.29625999999999997
0.0010040171220246747 0.28916
0.0010340790564554814 0.26935
0.001042522454890005 0.26461999999999997
0.0009866541368732903 0.304
0.0009971102002608362 0.29464
0.0009655850690769626 0.33050999999999997
0.0009936719452486064 0.29756
0.001015462413758011 0.28096
0.0009866771552759024 0.30398000000000003
0.0010156794680191345 0.28081
0.0010123557132804368 0.28309
0.0010107527143726836 0.28421
0.0009953762892992216 0.2961
0.0009887706926227794 0.30198
0.0009857979185497509 0.30484
0.0010163304876946726 0.28037
0.0010171638392417557 0.27981999999999996
0.000979169746612806 0.31181
0.000995522192087784 0.29596999999999996
0.0010036281534228529 0.28945
0.001015817273289535 0.28071999999999997
0.0010451702748038901 0.26319000000000004
0.0010064441943217345 0.28733000000000003
0.0009854682812057338 0.30517
0.001046352424622204 0.26256
0.0010010905621272916 0.29141999999999996
0.0009923017933841434 0.29877
0.0010336351289565746 0.26961
0.0009997860297469195 0.29246
0.0010032511727521083 0.28974
0.0009914797367552104 0.2995
0.0010192285808698388 0.27846
0.000989618821567888 0.3012
0.0010013261778149618 0.29124
0.0010162908051800645 0.2804
0.0009908658268713375 0.30005
0.0010107947108425018 0.28418000000000004
0.000990520911819771 0.30036999999999997
0.001024994791240355 0.27479000000000003
0.0010251818977267773 0.27466999999999997
0.0009920437476260595 0.29899000000000003
0.0009865333072962242 0.30412
0.000990989393101747 0.29994
0.0010019662470912047 0.29074
0.0009962669593189533 0.29535
0.0009992488351258173 0.29289
0.0009776861819807568 0.31351
0.00102342709623972 0.27576999999999996
0.0009864135383450612 0.30424
0.0009881951197370197 0.30253
0.0010192991142907175 0.27841
0.0010009962523623202 0.2915
