0.0009998498094989353 0.29097
0.0010060254892324027 0.28358
0.0010348254472938854 0.25868
0.0009908828796247994 0.30501
0.0009895383837397866 0.30776
0.001007998048438686 0.28145
0.0009954436277176443 0.29718
0.0009888945128826334 0.30919
0.0010123109788576546 0.2771
0.0010075058039980104 0.28197
0.001005441163489877 0.28423000000000004
0.0009889759572195473 0.309
0.0010065376560791418 0.28302
0.0010036254305697853 0.28631
0.000991867079298958 0.30315
0.0010266596039531712 0.26471
0.0010091427310742927 0.28026
0.000985663439089714 0.31809
0.000998712940750211 0.29248
0.0010003959627273948 0.29026
0.0009967967654160126 0.29516
0.0010148920180887552 0.27466
0.0009911628656445934 0.30446999999999996
0.0009894682831297 0.30791
0.0009842668433795536 0.32399
0.0009862200217344186 0.31625
0.0009944574860077362 0.29872
0.0010027316381981974 0.28736999999999996
0.0010118306454057573 0.27756
0.0009878098588858367 0.31179
0.000989940313877852 0.30691
0.001015842257466548 0.27378
0.0009888012000874107 0.3094
0.0009983508257474562 0.29297
0.0009876168399261904 0.31228
0.0010518522315543315 0.24765
0.0009900940352507454 0.30659000000000003
0.000987526250593211 0.31251999999999996
0.001005616199243845 0.28403
0.00100742429577088 0.28206
0.0009903513684083336 0.30606
0.0009890855051236393 0.30875
0.0009966502358510008 0.29536999999999997
0.0010022991294086525 0.28789000000000003
0.0009948791510397505 0.29805
0.0010038318902919421 0.28607
0.001012127235320847 0.27726999999999996
0.0009933628927347275 0.30052
0.00101079922311167 0.27858
0.0010000036219815454 0.29077
0.0010095923291735585 0.2798
0.001008639306412817 0.28078000000000003
0.0009915890908880607 0.30366
0.0010057995707808123 0.28383
0.0010157733911851984 0.27385
0.0009855990687515526 0.31832
0.0010014580126302573 0.28891999999999995
0.00099398066424945 0.29949000000000003
0.000992930481859775 0.30126
0.0010018907280233713 0.28839000000000004
0.0009954652933058849 0.29714
0.0009882261055360357 0.31075
0.000986345764296178 0.31586
0.0010133462973207971 0.2761
0.0010029089906340954 0.28715
0.0009997341504389356 0.29112
0.0009848593049173596 0.32118
0.0010395948441994088 0.2554
0.001005631409273887 0.28402
0.000988373031106975 0.3104
0.0009835640500538464 0.32874000000000003
0.001003018493172353 0.28702
0.0009951969967383792 0.29756
0.0010115337634481099 0.27785
0.000997925441284115 0.29356
0.0010158879847151686 0.27374
0.0009832412003146875 0.33724
0.0010014110671199654 0.28898
0.0009951013028039368 0.29771
0.0010071710037639927 0.28233
0.0010098877371196445 0.2795
0.0009905426991918768 0.30568
0.0009991657318481032 0.29186999999999996
0.000985360305720122 0.31918
0.0009882316556677944 0.31074
0.0009945206282549626 0.29862
0.0009956111936089724 0.29691999999999996
0.0009953820358477997 0.29727
0.001005871673536379 0.28375
0.000986277549392597 0.31606999999999996
0.0009895363787589418 0.30777
0.00100202639001379 0.28822
0.0009963126813437777 0.29586999999999997
0.0010007948185740995 0.28975
0.0010061773347280543 0.28341
0.0010044999420838147 0.28529
0.000989672663395434 0.30746999999999997
0.0009924416736920112 0.30211
0.0009889862002578236 0.30898000000000003
0.0009833835798509969 0.33071
0.001000346225895133 0.29031999999999997
0.0010027438518148944 0.28735
0.0010072885436158661 0.28221
0.0010008994837912677 0.28962
0.000996071467045109 0.29623
0.0009899684284084402 0.30685
0.0010543865785677144 0.24615
0.000984478067648441 0.32291
0.0009910578671775685 0.30467
0.000984067629526231 0.3251
0.0010036704055016567 0.28625
0.0010030662189749924 0.28697
0.0009855246542286875 0.31858000000000003
0.000993790494264188 0.29980999999999997
0.0010097951344887508 0.27959
0.001005841732463894 0.28378000000000003
0.0009909620169200229 0.30485
0.0010213141414783977 0.26902
0.0009970461019002115 0.2948
0.0010164076856928128 0.27326999999999996
0.0010032616132141046 0.28674
0.0010004811909529246 0.29015
0.00099535140540366 0.29732
0.0009908466761769596 0.30508
0.0010073099523200707 0.28218000000000004
0.0009979007626483903 0.29359
0.0009852899055065056 0.31945
0.00100616528178202 0.28343
0.000997900287063229 0.29359
0.0009904352751649197 0.3059
0.000987381902935797 0.3129
0.000988014156547948 0.31127
0.0009873602267621952 0.31296
0.0010190144218335906 0.27097
0.0009974901678250281 0.29417
0.0010165654051188645 0.27313000000000004
0.001003703847115319 0.28622
0.0009970964504151369 0.29473
0.0009988567729383342 0.29228000000000004
0.0010123453582209132 0.27706
0.0009977707420884712 0.29377
0.0010001309296645826 0.2906
0.0009989273101945746 0.29219
0.0009850513952005763 0.32038
0.0010053564458190054 0.28431999999999996
0.0009916558022922883 0.30354000000000003
0.0009864932480559009 0.31540999999999997
0.000986523014658949 0.31532
0.0010075160895667563 0.28196
0.0010116487773681431 0.27774
0.0010055268933859228 0.28413
0.0009918018073148426 0.30327
0.0010046847844189298 0.28508
0.000988364048293766 0.31042
0.0010096643875084127 0.27971999999999997
0.0009854404168685848 0.31889
0.0009973486192395807 0.29436999999999997
0.0010172648005435945 0.27251
0.0009925234352117158 0.30196999999999996
0.001000926755840511 0.28959
0.0010212322869587336 0.26909
0.0009939930608416781 0.29946999999999996
0.0009838863652322596 0.32624000000000003
0.00099315101614295 0.30088000000000004
0.0009870889430435355 0.31369
0.0010069046970553872 0.28262
0.0010168174835896886 0.2729
0.001008652196169467 0.28076999999999996
0.0010095951596235603 0.27979
0.0010377654941571264 0.25664000000000003
0.0010130807296972392 0.27636
0.0009971988136942712 0.29458
0.001006345902070171 0.28323000000000004
0.0010201545090992227 0.26999
0.0010050681733515569 0.28465
0.0009910802365033112 0.30463
0.0009890086457603627 0.30893000000000004
0.0010198054063408702 0.27029000000000003
0.0009946590626649203 0.2984
0.0009848289073511685 0.32131
0.001014819770540568 0.27471999999999996
0.0010098459283449479 0.27954
0.0010046101700973702 0.28517
0.000993933809659851 0.29957
0.0010225497659773202 0.26799
0.0009910090017473709 0.30476
0.0010122185110010928 0.27719
0.0009970770300576379 0.29475999999999997
0.0009967624597722342 0.29521
0.001015380065244651 0.27421
0.0010235521932655883 0.26718000000000003
0.0009996290381792767 0.29125999999999996
0.001023244525769898 0.26743
0.0009895371800329874 0.30776
0.0010067168976239833 0.28281999999999996
0.0009845511289462785 0.32256
0.000995359979546313 0.29730999999999996
0.0009902963606332174 0.30618
0.0010021502990397526 0.28807
0.0009900955534939946 0.30659000000000003
0.0009845398772742897 0.32261
0.0010242760894541684 0.26659
0.0009894097859658414 0.30804000000000004
0.001001612381600433 0.28873000000000004
0.0009947509502168537 0.29825
0.0010202509113077505 0.26991
0.0010020886423345702 0.28814
0.0009886812189865877 0.30968
0.0010156040376909812 0.274
0.0009833508994382268 0.33116
0.0010096077501547292 0.27978000000000003
0.0009856591924695896 0.31811
0.0010054774181633048 0.28419
0.0009889142804777882 0.30914
0.000991681412817856 0.30349
0.001001395682053413 0.289
0.0009838674894537948 0.32637
0.001009951030397294 0.27943
0.0010143631698467533 0.27515
0.0010108391569542466 0.27854
0.0010021067769487196 0.28812
0.001012622975010019 0.2768
0.0009842650862095777 0.32399
0.0010325804165401847 0.26028
0.0010345967726788463 0.25884
0.0010019906434377047 0.28826
0.0009984116813676175 0.29289
0.0010073759841819077 0.28210999999999997
0.0009927579941534914 0.30156
0.0009932726035723504 0.30067
0.0009939836323091488 0.29949000000000003
0.001010391137018936 0.27899
0.0010075147985307263 0.28197
0.0009973212781964648 0.29441
0.0009914571744143233 0.30391
0.0010000491872363335 0.29070999999999997
0.0009878174975471849 0.31177
0.0009992526875667925 0.29175
0.0009961723372212269 0.29608
0.0009902508914027782 0.30627
0.001002896634682094 0.28717
0.0010094593630478336 0.27993
0.001030122981816885 0.26208000000000004
0.0010065313823623284 0.28303
0.0010491790227470286 0.24925999999999998
0.0010040030102183265 0.28586999999999996
0.0009876773685342974 0.31212
0.000983379508456407 0.33076
0.0009918537631034671 0.30317
0.0009996430244659427 0.29124
0.000988636216268143 0.30978
0.0009846336108376237 0.32216999999999996
0.0009839981642268466 0.32552
0.0010188208136851734 0.27114
0.0009891796889428775 0.30854000000000004
0.000989844344724016 0.30711
0.0009909902614993354 0.3048
0.0010178707565268146 0.27197
0.0009919041550939835 0.30308
0.0010089939993760818 0.28041
0.0009921775581531948 0.30258
0.0010156899305259813 0.27392
0.0009887340938114018 0.30955
0.0009880030706502783 0.3113
0.0010021570903051239 0.28806
0.001001249221482274 0.28918
0.0010108159421227702 0.27856
0.0009835441009953551 0.32893
0.0009876967238674342 0.31206999999999996
0.0010143548626064247 0.27515
0.0010270287020809705 0.26443
0.000996861432900388 0.29507
0.0009932642071125478 0.30069
0.0010013540931139877 0.28905
0.001009794587074352 0.27959
0.0010128839652209119 0.27654
0.0009864260903652802 0.31561
0.0009934692003841158 0.30034
0.0009963463019634605 0.29581999999999997
0.0010416924796567623 0.25401
0.0010290040605482448 0.26292
0.0010037473837612237 0.28615999999999997
0.001005067358467761 0.28465
0.0010233540782105734 0.26734
0.0009994457110630221 0.2915
0.0010017847700689545 0.28852
0.0009833776163230745 0.33079000000000003
0.0010211285356740993 0.26916999999999996
0.0010065500863176966 0.28301
0.0009846368785008525 0.32216
0.0009855323435485504 0.31855
0.0009954926519282615 0.2971
0.0009856160295247437 0.31826
0.0009890524755829706 0.30883
0.0010006538495371837 0.28993
0.0009967731965420056 0.29519
0.0009919597004542343 0.30298
0.0010079735558028815 0.28148
0.0009975078455674233 0.29414
0.0010070014814710676 0.28252
0.0009971181989850489 0.2947
0.0009924898299030018 0.30203
0.0009959004161125976 0.29648
0.000996642323671478 0.29539
0.0010108811798934855 0.2785
0.0010008798462448378 0.28964
0.0009955928894400175 0.29695
0.000984923408353197 0.32091
0.0009913841034762461 0.30405
0.0009872973964050785 0.31312
0.0009940484995922185 0.29938000000000003
0.0009865155128512006 0.31534
0.0009923903893177325 0.3022
0.0009890171630066987 0.30891
0.0009905028919955873 0.30576
0.0009938500620617326 0.29971
0.0010179774949626032 0.27188
0.0010129446180179899 0.27649
0.0010127333667186262 0.27669
0.0010008850272121212 0.28964
0.0009954040068993236 0.29724
0.000988299144718029 0.31058
0.0009835422865510138 0.32895
0.000992057584046271 0.3028
0.0009993696599676905 0.2916
0.001001573643714659 0.28878000000000004
0.0009917650706294274 0.30334
0.0009983107450329915 0.29303
0.0009832180480502572 0.33433
0.000996042013655341 0.29627
0.0010282406658400718 0.2635
0.0010016542037958557 0.28868
0.001003335775389517 0.28665
0.0010027653722324654 0.28733000000000003
0.0010026208618251215 0.2875
0.0009841397685744651 0.32469000000000003
0.000995723758530059 0.29675
0.0009886711029726467 0.3097
0.0010093579938475403 0.28004
0.000988531130282863 0.31003000000000003
0.0009871800247848398 0.31344
0.0009915916733381693 0.30366
0.0010017326823413626 0.28858
0.0009851667091021876 0.31992
0.0009930022723471834 0.30113
0.0009860669209283313 0.31674
0.0009960739211477118 0.29622
0.0009961401724667715 0.29613
0.0010009604361918753 0.28954
0.0009834182196897534 0.33027
0.001008284229730205 0.28115
0.0009909433369707419 0.30489
0.001011695224232308 0.2777
0.0009947065043640231 0.29832
0.0010317297413695598 0.2609
0.0010014078954810857 0.28898
0.0009896456514436403 0.30753
0.0009841383754653084 0.32469000000000003
0.001014816521023673 0.27473000000000003
0.0010071199530237596 0.28239000000000003
0.0010085796751031044 0.28084000000000003
0.0009931359259543198 0.30091
0.000992597194009253 0.30184
0.0009965180753468807 0.29557
0.000987306020450149 0.3131
0.0009901367186409195 0.3065
0.0010167694685798568 0.27295
0.0010169128951218133 0.27282
0.0009838462136336791 0.32652
0.0010031995792164014 0.28681
0.0009841807590629285 0.32445
0.0009915048202596797 0.30382
0.0009941835198451084 0.29916
0.0009912625041383143 0.30428
0.0009982108683686416 0.29316
0.0009982525140153596 0.29311
0.0009865069377634262 0.31537
0.0009926121034906437 0.30180999999999997
0.0009913392820321137 0.30413
0.0010000393672344604 0.29072
0.000987979793062731 0.31135999999999997
0.0009927127664961192 0.30164
0.0010286100977848006 0.26322
0.0009900597776191416 0.30666
0.0010004910202169887 0.29014
0.0010129478070471055 0.27648
0.0009883771019344918 0.31039
0.0010132490369419067 0.2762
0.0010033698727285071 0.28661
0.001025367789710129 0.26573
0.0009869356760850807 0.31411999999999995
0.0010002315680968977 0.29047
0.0010074891328100606 0.28199
0.001020542030103243 0.26966999999999997
0.000993651617348323 0.30004000000000003
0.0010033871232759638 0.28659
0.000988180137281421 0.31087
0.0010102028398865266 0.27918000000000004
0.001009615611864762 0.27976999999999996
0.0010017856823002693 0.28851
0.0009910928232539937 0.3046
0.000988265907061596 0.31066
0.000994019094403649 0.29943000000000003
0.0009983197881449548 0.29301
0.0009917492404106277 0.30337
0.0010032524094314788 0.28675
0.000996278065889157 0.29591999999999996
0.0010213395627906323 0.269
0.0009851853331002732 0.31985
0.0009962578075868966 0.29595
0.0010146199712789605 0.27491
0.0010091139606293524 0.28029
0.0009965894341027674 0.29546
0.0009870394379550766 0.31383
0.0009877179868338969 0.31201999999999996
0.0010231458193550446 0.26750999999999997
0.0009980116541372702 0.29344000000000003
0.000996154064808356 0.2961
0.0010168169565899154 0.2729
0.0009906638996885167 0.30544
0.0009941457522211123 0.29922
0.0010104814673886123 0.2789
0.0009919932273178599 0.30291999999999997
0.001008189683740391 0.28125
0.000996869769817533 0.29506
0.0009906062540791694 0.30555
0.0009887956760410066 0.30941
0.001011039523477805 0.27834000000000003
0.0010066032906118814 0.28295
0.000996816956992692 0.29513
0.0010055778405408348 0.28408
0.0010520795476516621 0.24750999999999998
0.0010002429057749472 0.29046
0.0009863283186756341 0.31590999999999997
0.0009970347426733908 0.29481999999999997
0.001005586117537274 0.28407
0.00101256170845101 0.27685
0.0009926770106578426 0.3017
0.0010155618858371637 0.27404
0.0009897358837097003 0.30734
0.0009976741122946756 0.29391
0.001021528014922975 0.26884
0.000993785836705216 0.29980999999999997
0.001008059406674485 0.28139000000000003
0.0010122326040864931 0.27716999999999997
0.001021360402342643 0.26898
0.001003598103892517 0.28634
0.0010091393046306445 0.28026
0.0009901215195742877 0.30653
0.001022907154238206 0.2677
0.0009946372046499333 0.29843000000000003
0.0009837659300950465 0.32709
0.0010050919560120571 0.28462
0.0010002861768416977 0.2904
0.0009927200550844469 0.30162
0.0010065541267122997 0.283
0.0010018590305370077 0.28841999999999995
0.001016895097159958 0.27283
0.0009990538559206223 0.29202
0.0010082529514997584 0.28118000000000004
0.0010074131231110524 0.28207
0.0009915266499210202 0.30378
0.0009887971024184418 0.30941
0.0009922868038074167 0.30239
0.000990451147347116 0.30585999999999997
0.0010062951008420256 0.28328000000000003
0.001006212921767623 0.28336999999999996
0.0009908612096889999 0.30505
0.0009876604202367107 0.31217
0.0009847401033527864 0.32169000000000003
0.0009896209094847719 0.30758
0.0009921989865159277 0.30255
0.0009981664826255409 0.29322
0.0010000953741920737 0.29065
0.001000330982218764 0.29034
0.0010062086677755503 0.28338
0.0009950673150990461 0.29775999999999997
0.001029868150017977 0.26227
0.0010185782017407645 0.27135
0.001003192139786675 0.28681999999999996
0.0010127626586816344 0.27666
0.0009983375411190248 0.29299000000000003
0.0009899080451600266 0.30698000000000003
0.0010102964685413697 0.27908
0.0009909618086152343 0.30485999999999996
0.0010194724645938577 0.27058000000000004
0.0010301133391198139 0.26209
0.0009965858450982138 0.29546999999999995
0.0010329088126306164 0.26004
0.000988833620591756 0.30932
0.0009860889564371443 0.31667
0.0009857884402981337 0.31766
0.0009960545128877686 0.29625
0.0009954993486814784 0.29709
0.0009940773518846845 0.29934
0.0009863498080932187 0.31585
0.001003271526593986 0.28672
0.0009960229707793868 0.2963
0.0010158674997727615 0.27376
0.0009945584130801708 0.29856
0.0010153376406287558 0.27425
0.0009921334846782527 0.30266
0.0009970329824790264 0.29481999999999997
0.0010073725904394652 0.28212
0.000984970062009956 0.32071
0.000985564155961694 0.31844
0.0009847450043750684 0.32166999999999996
0.000992999068385147 0.30114
0.0009861066727404983 0.31661
0.0009999971794660244 0.29077
0.0010333177731498035 0.25975
0.0009971260429267965 0.29469
0.0009903442748930924 0.30608
0.0010061299743094043 0.28347
0.0009972938246838852 0.29445
0.0009936169742961534 0.30009
0.0009960722431789214 0.29623
0.000995971299094299 0.29638000000000003
0.0009894180739256902 0.30801999999999996
0.0009989030039367385 0.29222
0.0010023624434789761 0.28781
0.000995676563318655 0.29682
0.000987996965921197 0.31132
0.0010008931397574117 0.28963
0.0010053839239047453 0.28429
0.000985281792772191 0.31948000000000004
0.0010131769491192604 0.27626
0.0010071047567924922 0.2824
0.0009911145359092872 0.30456
0.0010003473598519622 0.29031999999999997
0.0009990814971343408 0.29198
0.0009867050492269793 0.31478
0.0009839879391458795 0.32559
0.0009880961301529268 0.31106999999999996
0.0010244937970678278 0.26642
0.000984568284414508 0.32248000000000004
0.0009951057151983802 0.2977
0.0009943734357816994 0.29886
0.001011784585096304 0.27760999999999997
0.0010172072883854093 0.27255999999999997
0.0010141510295660651 0.27534000000000003
0.0009927581385680633 0.30156
0.0010113075017283747 0.27808
0.00098799197605749 0.31133
0.0009975304780150036 0.29411
0.0009963866890863298 0.29575999999999997
0.0009879870258888879 0.31134
0.0009901838554438123 0.30641
0.0009933017849561379 0.30062
0.0009987239712637584 0.29246
0.001021327888649313 0.26900999999999997
0.0010016054498900003 0.28874
0.0009835382094856946 0.32899
0.001001736924235879 0.28857
0.0010113309904560745 0.27805
0.0010151104568484415 0.27445
0.0010105026995441125 0.27888
0.0009910849530378673 0.30462
0.0010185407237020094 0.27138
0.000984786543790125 0.32149
0.0010107078463034195 0.27867
0.0010080942578424188 0.28135
0.0009921733145574593 0.30259
0.0010202221833932798 0.26994
0.000990434959494324 0.3059
0.0010200497546625808 0.27008000000000004
0.000983655257307292 0.32795
0.0010060459477114064 0.28356
0.0010086173467027519 0.2808
0.0009919916771295022 0.30291999999999997
0.0009860400108606397 0.31682
0.0010151797004223112 0.27439
0.0010032512522246593 0.28675
0.0010026056833621392 0.28752
0.001001386951776681 0.28901
0.0009898689564451354 0.30706
0.0010029017504359907 0.28715999999999997
0.000992881567283257 0.30134
0.0009992566141687617 0.29175
0.0010218215416991387 0.2686
0.0010147752700597119 0.27476
0.0010001699008063537 0.29055
0.0009959792029567522 0.29636999999999997
0.0010098998932729518 0.27948
0.001021817544402078 0.2686
0.0010035835665999906 0.28636
0.0009884121950535412 0.31031
0.0010039086749906168 0.28598
0.0010043035677536607 0.28552
0.0009832158258804816 0.33448
0.0009920879903075803 0.30275
0.00099079514436986 0.30518
0.0009995208138233959 0.2914
0.0009957419152600527 0.29672
0.0010185539756292353 0.27137
0.000992715796555791 0.30163
0.0009961203551582237 0.29616
0.0009895361498505038 0.30777
0.0010090330414019688 0.28037
0.00098874447994108 0.30953
0.0009832192307753583 0.33426
0.0010434613920116303 0.25286
0.0009833176759586168 0.33892
0.0009848221346101796 0.32134
0.000984510380219906 0.32275
0.0009903471654528245 0.30607
0.001006921106255645 0.2826
0.0009863051361673147 0.31598000000000004
0.0009941792184079345 0.29917
0.0010031364067252854 0.28688
0.001010688541439773 0.27869
0.0009990255155059853 0.29206
0.0010071396130640824 0.28236999999999995
0.0009855416794591681 0.31851999999999997
0.001000670859456695 0.28991
0.0010384297002494337 0.25619000000000003
0.0010152188097408525 0.27435
0.0010114571416883894 0.27793
0.0009871017972636154 0.31366
0.000983783748849576 0.32696
0.0009880921434412273 0.31108
0.0009922292192529214 0.30249000000000004
0.000986725090340309 0.31472
0.0009902467160448182 0.30628
0.0009837839741665521 0.32696
0.000983406680700815 0.3402
0.0009846693967307655 0.32201
0.0010099120768347837 0.27947
0.0010082640256779212 0.28117
0.001012179279572848 0.27721999999999997
0.0009925945518274625 0.30184
0.000989424745160625 0.30801
0.0010146394991912913 0.27489
0.000997352152860012 0.29436
0.000990196838767495 0.30638000000000004
0.0009992874812713363 0.29170999999999997
0.0010095509228316153 0.27984000000000003
0.0010032767453661312 0.28672
0.00099183045130252 0.30322
0.0010086454929894237 0.28076999999999996
0.000987779192527078 0.31185999999999997
0.0009939812165784807 0.29949000000000003
0.0010007568717550583 0.2898
0.0010085821936629967 0.28084000000000003
0.0010222923322587998 0.26821
0.0009850778788294268 0.32027
0.0009904920748904844 0.30578
0.0010266554066683915 0.26471999999999996
0.0010083590043443785 0.28107
0.0009888298675141025 0.30933
0.001000386006438995 0.29027
0.0009879699611523268 0.31138000000000005
0.0009909242876679613 0.30493000000000003
0.0009834978609237841 0.32939
0.0010078649636056953 0.28159
0.001010521303316597 0.27886
0.0010011889652581962 0.28926
0.0010023497828197886 0.28783000000000003
0.0009903580715883765 0.30605
0.0010011487707510978 0.28931
0.000990891025438368 0.30499
0.0010025106946773934 0.28763
0.001011564373855673 0.27781999999999996
0.0009911527515208958 0.30449
0.001014853149776208 0.27469
0.0010135216612209654 0.27594
0.000993272845145417 0.30067
0.0009880273935422535 0.31124
0.0009933970794822155 0.30046
0.0009900588515890524 0.30666
0.0010267234431330246 0.26466
0.001011542684072321 0.27785
0.0009886642393109654 0.30971
0.0009887971670647555 0.30941
0.0009937612525816458 0.29985
0.0009955349771173703 0.29704
0.0009881666742140422 0.3109
0.0009994293171737333 0.29152
0.0010009707425532952 0.28953
0.0009931965749709114 0.3008
0.0010218857526898078 0.26854
0.0009880623569906268 0.31115
0.001002082820952928 0.28815
0.0010075274436899208 0.28195
0.0010111846650373165 0.2782
0.0010115592214310603 0.27783
0.0010056499570951759 0.284
0.0009889781565173817 0.309
0.001020159791005487 0.26999
0.000999232259142654 0.29178000000000004
0.0010050621035919728 0.28465999999999997
0.0010005901071377763 0.29001
0.0009857196537850427 0.3179
0.0009900895413868251 0.3066
0.001004328006139489 0.28549
0.0009834542384608434 0.34076
0.001012820350223889 0.27660999999999997
0.001000397971110677 0.29026
0.0009934539582199414 0.30036999999999997
0.000993285753237425 0.30065
0.001019036438061924 0.27095
0.0010040130268054808 0.28586
0.0010074941948810536 0.28199
0.0009989378791107595 0.29217
0.0010097984227556286 0.27959
0.0010073748154446056 0.28210999999999997
0.0009875827117762383 0.31237
0.00099196238894698 0.30296999999999996
0.0009881940655376243 0.31083
0.0010035827791247196 0.28636
0.000989924472317594 0.30694
0.0009899748730032288 0.30684
0.0009928582522688969 0.30138000000000004
0.0009944076111877288 0.2988
0.0009970986139873769 0.29473
0.0009949977757021328 0.29786999999999997
0.000990393880164435 0.30598000000000003
0.0010022518404411915 0.28794000000000003
0.0009849578763688567 0.32076
0.0010089531326985405 0.28045
0.0010126789602298368 0.27674
0.0009848593863868368 0.32118
0.0009890900740302103 0.30874
0.0009838905923828802 0.32621
0.0010124774245909274 0.27694
0.0009868564314240498 0.31435
0.0010238080433384485 0.26697
0.0009972650264523715 0.29449000000000003
0.0010034470906708974 0.28652
0.001007027023947884 0.28249
0.0010087619017198326 0.28065
0.0010007801593608938 0.28976999999999997
0.0010000542341853818 0.2907
0.0010307738240795759 0.2616
0.0009877019554932324 0.31206
0.0010391177867278096 0.25572
0.0010017155253609386 0.2886
0.0009859373054475066 0.31716
0.0010006481956310793 0.28994000000000003
0.001008743127636446 0.28067
0.0009974558824068509 0.29422
0.0010134152796630721 0.27604
0.0009984771561748161 0.2928
0.0009959886942453521 0.29635
0.001001380145200341 0.28902
0.0009903093411215355 0.30615
0.000996797833214334 0.29516
0.0009865090994454232 0.31536
0.0009942179961778376 0.29911
0.0009861483129055117 0.31648000000000004
0.0009957927108174688 0.29665
0.0009988034678941932 0.29235
0.0009893106326975213 0.30826
0.0010045543532982118 0.28523000000000004
0.0009911181774625987 0.30455
0.0010025007552121573 0.28764
0.0010002347342540723 0.29047
0.0010023417615732393 0.28784
0.001009260468456569 0.28014
0.000986819143732774 0.31445
0.0009902222944821537 0.30633
0.0009982132137822666 0.29316
0.0009966953856303579 0.29531
0.000988763460249988 0.30949
0.0009981886496952732 0.29319
0.00100500110752675 0.28472
0.0010145120051302855 0.27501
0.0009872900715240834 0.31314000000000003
0.000990470856533759 0.30582
0.0010126628999684532 0.27676
0.0010237373707408031 0.26703000000000005
0.0009998730541962524 0.29094000000000003
0.000983759691914803 0.32713000000000003
0.0009991714248822395 0.29186
0.000995430251223399 0.2972
0.001008027023785977 0.28142
0.0009895169525416894 0.30781
0.0010027894459904015 0.2873
0.0009982461231034748 0.29311
0.0009943236358153184 0.29894
0.0009985137909761291 0.29275
0.0009943731632086458 0.29886
0.0009934704600421105 0.30034
0.0010132413336342452 0.2762
0.0010287889762139448 0.26308000000000004
0.0010081168424668492 0.28133
0.0009886205845248677 0.30982
0.000992598986904823 0.30184
0.0009898827843294305 0.30703
0.0010224647683614472 0.26805999999999996
0.0010043231642818157 0.2855
0.0009972828160971575 0.29446
0.000995191043795818 0.29757
0.0009875163992133027 0.31254
0.0010074336471814912 0.28205
0.000999474991684572 0.29146
0.0010183209882355642 0.27157
0.0009934078771178143 0.30044
0.0010069748464337455 0.28254
0.0009950966633912987 0.29771
0.000989142627891748 0.30863
0.0010250408610154077 0.26598
0.0009953693759447095 0.29729
0.000987154024869196 0.31351
0.001003305345500169 0.28668000000000005
0.001002772970253587 0.28731999999999996
0.0009877097170203812 0.31204
0.0010076304040968467 0.28184000000000003
0.0010231562540639703 0.2675
0.00099086416508407 0.30505
0.000988026044097712 0.31124
0.000997678543024477 0.2939
0.0009894520869598385 0.30795
0.0009914047434185864 0.30401
0.0010227065954769253 0.26787
0.0009907914383592595 0.30519
0.0009851646579994114 0.31993
0.0009838421547146935 0.32654
0.0010112755010470193 0.27810999999999997
0.0010010817593652918 0.28939000000000004
0.0010036159617750784 0.28631999999999996
0.0009987175674982204 0.29247
0.0010267532165409478 0.26464
0.0010038872158169216 0.286
0.00098835671547375 0.31044
0.0010244868613878846 0.26643
0.0009987009378956185 0.29249
0.001022729437174416 0.26785
0.0009887094327549377 0.30961
0.0010183541430993496 0.27155
0.0009926022076900227 0.30183000000000004
0.0010097099359400374 0.27968000000000004
0.0010182568313058474 0.27163000000000004
0.0009912868907314817 0.30423
0.0010224700521579545 0.26805999999999996
0.0009911382100698343 0.30451
0.000999156418431378 0.29188000000000003
0.0010051616594820708 0.28454
0.001000776821191598 0.28976999999999997
0.0010149530447759161 0.2746
0.001000911379847126 0.2896
0.0009949035366877963 0.29801
0.0010038128434464776 0.28609
0.001016362249730652 0.27331
0.000997273696241325 0.29448
0.000999550764725145 0.29136
0.0009905958475348658 0.30557
0.001021250950084851 0.26907
0.0009870929601881488 0.31368
0.0010043844177981473 0.28543
0.001022526781377452 0.26800999999999997
0.0010175628332812344 0.27224
0.001005817783083953 0.28381
0.0010105443690078936 0.27884000000000003
0.0010024966233297885 0.28765
0.0010103551227844294 0.27903
0.0009942610689580883 0.29904000000000003
0.0009978394202906334 0.29368
0.0009891988947577858 0.3085
0.0009850340724458335 0.32045
0.0009988281246030978 0.29231999999999997
0.0010015556015333963 0.2888
0.0010054586427567477 0.28421
0.000998215050909525 0.29316
0.0009926199818348156 0.3018
0.0010052020630500552 0.2845
0.0010032661851450645 0.28673000000000004
0.001000630485376503 0.28996
0.0009861021624314632 0.31661999999999996
0.0010021453314809142 0.28807
0.0010055031787741737 0.28415999999999997
0.000986274994729062 0.31608
0.0010131202240582977 0.27631999999999995
0.0010057975915072734 0.28383
0.0010051975848751522 0.2845
0.0009855971176426356 0.31832
0.0010059130031344528 0.2837
0.0009914955187514862 0.30384
0.0009914707754694477 0.30388000000000004
0.001015972704654332 0.27366999999999997
0.0010204714556092138 0.26973
0.0010189374180557419 0.27104
0.0009920800635731858 0.30276
0.000995839912833748 0.29658
0.0010076369696671928 0.28183
0.0010098414815480803 0.27954
0.000990490256665657 0.30578
0.0009849223656951088 0.32091
0.000985891681217134 0.31731
0.0010030136267415199 0.28703
0.000996775701303123 0.29519
0.0009832104882120463 0.33518000000000003
0.0010224705421089633 0.26805999999999996
0.0009901832626635794 0.30641
0.0009977920022195693 0.29374
0.000988653255297398 0.30974
0.0009995420318020727 0.29136999999999996
0.0010032620164029554 0.28673000000000004
0.0009955684639078423 0.29699000000000003
0.0009834755921589743 0.32961999999999997
0.000999015576040749 0.29207
0.0009856625593705802 0.31809
0.0009854023167508294 0.31903000000000004
0.0009919647241532924 0.30296999999999996
0.0009837351743277897 0.32732
0.0009881813239760325 0.31085999999999997
0.0010322333102565833 0.26053000000000004
0.0010060038160831896 0.2836
0.0009877651684355503 0.3119
0.001007276169706555 0.28221999999999997
0.001021585900215146 0.26879000000000003
0.0010060408869635835 0.28356
0.0010063593649485255 0.28321
0.0009973912483797784 0.29431
0.0009922765074642855 0.30241
0.001005457317507318 0.28421
0.00098683074491071 0.31442
0.0009840128327022434 0.32543
0.0009895526218068322 0.30773
0.0010164971338860395 0.27319
0.0009905589276848954 0.30565
0.0009888418327528574 0.30931
0.000998197794691339 0.29318
0.000983812888269967 0.32675
0.0009915044582781282 0.30382
0.0009958522774808677 0.29656
0.001007545847285662 0.28193
0.0009975488146961398 0.29409
0.0009904544104737609 0.30585999999999997
0.001046200247638253 0.25111
0.0010183251755020554 0.27157
0.0009877312174013757 0.31199
0.001001585304813301 0.28876
0.0009897744166931235 0.30726
0.0009990144209131972 0.29207
0.0009970372757881548 0.29481
0.0010096664817087313 0.27971999999999997
0.0009965874890426286 0.29546999999999995
0.0010036238482472955 0.28631
0.000987617244060163 0.31228
0.0009921117933827063 0.3027
0.0010036313186770084 0.2863
0.0009988130561522633 0.29234
0.0009923961224250221 0.30219
0.0010042184761927062 0.28562
0.001002355142604068 0.28781999999999996
0.001011207089558157 0.27818000000000004
0.0010014763642443134 0.2889
0.0009882136286084764 0.31078
0.0009916621627712593 0.30353
0.000988035755788656 0.31122
0.000994549330462127 0.29857
0.0009999907414870867 0.29078000000000004
0.0010170179623936865 0.27273000000000003
0.0009939099523347482 0.29961
0.0009856656221314576 0.31808000000000003
0.0009883117250418854 0.31055
0.0009887018322765001 0.30963
0.0010217332359688353 0.26866999999999996
0.0009916436767609194 0.30356
0.000996316273183696 0.29586
0.00099557794763547 0.29696999999999996
0.0010070267305821567 0.28249
0.000991110654673152 0.30457
0.001000897428529957 0.28962
0.0009961211730664084 0.29615
0.0010182640724490735 0.27162
0.000988730864520108 0.30956
0.001037899234148372 0.25655
0.0009923894353120453 0.30221
0.001004761717123638 0.285
0.0010189538166706384 0.27102
0.000993049018247805 0.30105
0.0010006352351793377 0.28995
0.0009917098691043945 0.30344
0.0009933887187480075 0.30048
0.0010016873233120954 0.28864
0.0010193643364513499 0.27066999999999997
0.0009903549576019113 0.30606
0.000998193853156449 0.29319
0.0009953167387234515 0.29736999999999997
0.000989045458811599 0.30884
0.0010035001584895312 0.28645
0.0009999114274541344 0.29089
0.0009915704084814637 0.3037
0.0009931586181335821 0.30086999999999997
0.001010160061228101 0.27921999999999997
0.0010032128742411695 0.28679
0.0009901503488057878 0.30646999999999996
0.0009890290110503822 0.30888000000000004
0.0009940707885826299 0.29935
0.0009906352256459743 0.3055
0.0010052414874721191 0.28445
0.0010061800489281063 0.28341
0.0009927373595038317 0.30159
0.0009897588471388457 0.30729
0.0010005551552198855 0.29006
0.0009841850546403487 0.32443
0.0009944245477658085 0.29877
0.0009864784896049333 0.31545
