0.0009914289478472188 0.30268
0.0009956104401746275 0.2971
0.0010014082880744452 0.29036999999999996
0.0009992776343490976 0.29273000000000005
0.0009978218475695678 0.29441
0.0009889796596423332 0.30635999999999997
0.000996203822943605 0.29636
0.0009880495130320903 0.30787
0.001016545595849682 0.27613000000000004
0.0009969056359729733 0.29551
0.0009923000794470889 0.30145
0.001029839550131694 0.26598
0.0009879961992780503 0.30795
0.0010125250195526323 0.27957
0.0009779822443479638 0.33445
0.0009928723895852617 0.30067
0.0010173075202192256 0.2755
0.0010033369628039983 0.28833000000000003
0.0010025672808722842 0.28913
0.0010079850673945544 0.28371999999999997
0.0010119852490367628 0.28004
0.0009937581559837606 0.29948
0.0009969945376809626 0.2954
0.0009929565655637314 0.30055
0.0010034587337349127 0.2882
0.0010050051982349905 0.28663
0.000986105466738421 0.31124
0.0009982008698896877 0.29397
0.0009934690914969841 0.29986
0.0009939907975092465 0.29917
0.0009813731637914472 0.32156
0.0010166598667544701 0.27603
0.001004606631811692 0.28703
0.0009943140666893633 0.29875
0.0009865364517913887 0.31046
0.001028313322882248 0.26705999999999996
0.001003244723368189 0.28841999999999995
0.0010121777166461321 0.27987
0.0010229929779100957 0.271
0.000982716010016226 0.31819000000000003
0.0010107176625057273 0.28118000000000004
0.0010137532074306948 0.27849
0.0009946593294097338 0.2983
0.0010200736355998918 0.27326999999999996
0.0010014951824046522 0.29028000000000004
0.0009990412037439614 0.293
0.0009966595754541457 0.2958
0.0010105150290497787 0.28137
0.001025151381428681 0.26937
0.0009882927757385014 0.30746999999999997
0.0009993191124444308 0.29268
0.001014930404878781 0.27748
0.0009899363652734851 0.30488000000000004
0.0009959813846244924 0.29664
0.000986560347267569 0.31042
0.0009994860616074678 0.2925
0.0009909343235136989 0.3034
0.000986343974510194 0.3108
0.0010101099902791641 0.28174
0.0009876532426241736 0.30853
0.0009832563246196593 0.31695999999999996
0.0010249437794993715 0.26953
0.001001414559209874 0.29036
0.000995515075601503 0.29722
0.0010104877909150444 0.28139000000000003
0.001018265803495703 0.27471999999999996
0.0010007694132131435 0.29107
0.00099078771078491 0.30361
0.0009789072552191672 0.35857
0.0010015635515868836 0.2902
0.0009925081135742225 0.30117
0.0009841709949825043 0.315
0.001025717330919633 0.26895
0.0009989827527337328 0.29307
0.0009954722108319754 0.29727
0.0010187827028006178 0.2743
0.0010046405503328004 0.28699
0.0010042042271910445 0.28744000000000003
0.0010084025401495165 0.28331999999999996
0.0009835928819390157 0.31622
0.0009829291829166968 0.3177
0.0009876018721483705 0.30861
0.000989265020578735 0.30591999999999997
0.000995078440495982 0.29777
0.0009820577175440445 0.31978
0.0010112892525670515 0.28067
0.0009970273860430887 0.29536
0.000993460235898218 0.29988000000000004
0.000998775343671991 0.29331
0.0010016517480102276 0.29011
0.0009973236729177231 0.29501
0.000998203063687155 0.29397
0.000994430055386117 0.2986
0.000987602671306611 0.30861
0.0010021472545658962 0.28958
0.0009998566104607285 0.29208
0.0009839162423377168 0.31553000000000003
0.0009819521230247956 0.32005
0.001007655810975517 0.28403
0.000989415793709394 0.30568
0.0010008805989954218 0.29094000000000003
0.0009905947927719282 0.3039
0.0009831477322139685 0.3172
0.001003598056562713 0.28806
0.0009827231889756934 0.31818
0.0009796845026040588 0.32671999999999995
0.0010016480490112997 0.29011
0.001008373668803874 0.28335
0.0010005382036866785 0.29131999999999997
0.0009939598918564264 0.29921
0.000996523004734648 0.29596999999999996
0.001001248821869608 0.29054
0.0009868033158367158 0.30999
0.0009882669373633718 0.30751
0.0010088330637995418 0.28292
0.0009991625060654756 0.29286
0.0009971163120254623 0.29525
0.0009980868584173804 0.2941
0.0009815434476480062 0.3211
0.0009851956119961746 0.31295
0.0009951771869838911 0.29764
0.0010113188925383106 0.28064
0.0009885322068850903 0.30708
0.001005299236315506 0.28633000000000003
0.00101160524075943 0.28038
0.001000542418705913 0.29131999999999997
0.001004207756269283 0.28743
0.0009824081089866402 0.31892
0.001014922017510128 0.27749
0.0010218227637092546 0.2719
0.0009982245125709141 0.29394000000000003
0.0009968037442455245 0.29563
0.0009938221993948803 0.29939
0.0009787868552220262 0.33024000000000003
0.001009705236922207 0.28210999999999997
0.0009856932651280473 0.312
0.0009830928026962336 0.31733
0.0010018891621072087 0.28985
0.001002226807032761 0.28949
0.0009940333180755926 0.29912
0.00104031058280198 0.25897
0.0009841936926695417 0.31495
0.0010411625181050825 0.25843
0.001003234557711254 0.28843
0.001000938611928874 0.29088
0.0009894666669396097 0.3056
0.0009927648206862212 0.30080999999999997
0.0009879938901772585 0.30796
0.0009917162966281098 0.30227
0.0010191584632503684 0.274
0.0009983535944532596 0.29379
0.0010008688300912711 0.29096
0.0010038181378011965 0.28783000000000003
0.001000092903953523 0.29181
0.001003658353184711 0.288
0.0009877387563487822 0.30838000000000004
0.000980185172586736 0.32504
0.0009798143457159195 0.32627
0.0010319001178310627 0.26454
0.0009890635674647157 0.30623
0.0009867994461585246 0.30999
0.0010022815125813734 0.28944000000000003
0.000982093442989623 0.31969000000000003
0.0009924857959330118 0.3012
0.000992004764306395 0.30186999999999997
0.0009862316404357597 0.31101
0.0009910160297632255 0.30328
0.0010244435807811047 0.2699
0.001001632733012766 0.29013
0.0009832362019137775 0.31701
0.0010276311252620616 0.26755
0.0009979089036657879 0.29431
0.0010018977573252761 0.28984
0.000994334267528419 0.29872
0.0009991629809331154 0.29286
0.0009933012176316259 0.30009
0.0010328777525327945 0.26387
0.0009913625828188281 0.30278
0.0009804906116627676 0.32409
0.00101880220632006 0.27428
0.001002165584191293 0.28956
0.0009880208878438746 0.30791
0.0010004906856314966 0.29136999999999996
0.000986731824551467 0.31011
0.0009780028597479863 0.33432
0.001017365864649736 0.27545
0.0010114981571584288 0.28048
0.0009837481462100287 0.31589
0.0010136569111384355 0.27858
0.0010010725228965151 0.29074
0.000999841153367337 0.2921
0.0009977459567418363 0.2945
0.0009953212446441053 0.29746
0.001013785172243167 0.27847
0.0009960049641543913 0.29661
0.0010029762926768665 0.2887
0.000997730701049976 0.29452
0.0009878619281771628 0.30818
0.0009822514510246187 0.31931
0.0009906134244996214 0.30387
0.0009833117688301956 0.31684
0.000984400758097033 0.31451999999999997
0.0010210660372818598 0.27249
0.0010114972112160218 0.28048
0.0010125974535563466 0.2795
0.0009789743179464585 0.32943
0.001015910598062673 0.27666
0.001003395969090764 0.28826999999999997
0.0009888251450325743 0.30661
0.0010045390158939435 0.2871
0.00099506140917085 0.29779
0.0010086867095550154 0.28305
0.0009871592321670714 0.30937
0.0009836397388965168 0.31611999999999996
0.0009924839453905082 0.3012
0.0009837196306358288 0.31595
0.0010037632727622947 0.28789000000000003
0.0009955589276557483 0.29716
0.0010155232904021708 0.27698
0.0009957186946353764 0.29696
0.0010005067696867162 0.29136
0.0010043397854032224 0.2873
0.0010078731139348777 0.28381999999999996
0.0009791543862762645 0.3287
0.0009959132490832082 0.29672
0.0009932127938255741 0.30021
0.0009997264500750814 0.29222
0.0009937653305814244 0.29946999999999996
0.0009977572314346973 0.29449000000000003
0.001005056340948799 0.28657
0.0010113503587776897 0.28060999999999997
0.0010082511795029038 0.28347
0.0010166268465752189 0.27605999999999997
0.0009937179600689834 0.29953
0.001010816902446352 0.28109
0.0009988605600353938 0.29320999999999997
0.0009982949143535309 0.29386
0.0009874967638753788 0.30879
0.0010538877889936277 0.25082
0.000995010098812076 0.29786
0.0009918353074856894 0.3021
0.0009796522459300462 0.32683
0.0009936973605990257 0.29956
0.000981620892984541 0.3209
0.000996550005056275 0.29594000000000004
0.0009822469976233461 0.31932
0.001029289008616434 0.26637
0.001019952868831978 0.27336
0.0010005429935157437 0.29131999999999997
0.001021482315471621 0.27216
0.0010119753813099639 0.28005
0.0010019897176056678 0.28975
0.000987994000360205 0.30796
0.000991072411761493 0.3032
0.0010278493770084838 0.2674
0.0009837713235057966 0.31584
0.001010873782638425 0.28104
0.000987010700813717 0.30962
0.0010049906114161992 0.28664
0.000994713831660379 0.29823
0.0009772937270435802 0.34124
0.0009812172663003665 0.32198000000000004
0.0009878453262052002 0.3082
0.0010030832825939165 0.28859
0.000991178775285646 0.30304000000000003
0.0009865002076704932 0.31051999999999996
0.0009955225200620468 0.29721
0.0010178878238362396 0.27502
0.0009869714216362287 0.30969
0.0009962608155943487 0.29629
0.0010061415295677246 0.2855
0.0009906193208992452 0.30385999999999996
0.001006177805359106 0.28546
0.0009916053315910127 0.30243000000000003
0.0009893093296741192 0.30585
0.001014496794020166 0.27785
0.0009853203525566304 0.31271
0.0009871909934919326 0.30931
0.0010078873692566106 0.28381
0.000992109448725882 0.30172
0.0010071743894416048 0.28449
0.000985470435005203 0.31242
0.000980453666050099 0.3242
0.001012501763934047 0.27959
0.0009951176855376176 0.29772
0.000990747546350975 0.30367
0.0010074630987258696 0.28422
0.0010023754407936735 0.28934
0.0009953427760228419 0.29743
0.001021717952228538 0.27198
0.0010007297287672264 0.29111
0.0009935560590296304 0.29975
0.0009908171484064201 0.30357
0.0009850587099692618 0.31321
0.000981559267340011 0.32106
0.001017412581839885 0.27541
0.0010098441886174307 0.28198
0.001016348638806751 0.27629000000000004
0.0010024550442746735 0.28925
0.0010023428328996653 0.28936999999999996
0.0010190439854443844 0.27409
0.001001768266381629 0.28998
0.0009973432503981795 0.29498
0.0010103419096417216 0.28152
0.0009967498084603908 0.2957
0.000997805012525589 0.29443
0.0009901829981367764 0.30451
0.0010076093587175138 0.28408
0.0009862292573739539 0.31101
0.0009878434458886472 0.30821
0.0009819403275705373 0.32008000000000003
0.0010059483735519925 0.28569
0.0010008302385615714 0.291
0.0010054083052956294 0.28622
0.001000277145391322 0.29161
0.0009930023241053502 0.30049000000000003
0.0009886943878384357 0.30682
0.0010155448128676573 0.27696
0.0009948405756161013 0.29807
0.0009961532925890657 0.29641999999999996
0.0009964632425283884 0.29604
0.001030811713425168 0.26529
0.0009872180326905029 0.30927
0.001000065900597598 0.29184
0.0010055875274355755 0.28604
0.000993773975675765 0.29946
0.0010010080992499252 0.29081
0.0010019438447089425 0.2898
0.0009941033180033655 0.29903
0.0010015637308001106 0.2902
0.0009876437111355242 0.30854000000000004
0.0009971495186243981 0.29521
0.0010028689005256853 0.28881999999999997
0.0009987708948221658 0.29331
0.000980369653923722 0.32445999999999997
0.0010119750672601192 0.28005
0.0010182406561819472 0.27474
0.0010044867573170391 0.28715
0.0010427860843074445 0.25740999999999997
0.0010042925673642569 0.28735
0.0010149908704732498 0.27743
0.0009997376845634935 0.29220999999999997
0.001027919138743862 0.26735
0.0009979310750917625 0.29429
0.000985479089202438 0.3124
0.000992889464907715 0.30064
0.000995820220160983 0.29684
0.0009908753705167917 0.30348
0.0010059915646982004 0.28565
0.0009963636805728868 0.29617
0.0009868170845329038 0.30996
0.0010113987918633678 0.28057
0.0009977779151064251 0.29447
0.001003236596190591 0.28843
0.0010076824798000855 0.28401
0.0010059374601302392 0.2857
0.0010216522312299018 0.27203
0.0010045870110924888 0.28705
0.0010031702220593063 0.2885
0.0010021588218788724 0.28957
0.0009877668289154714 0.30833
0.0010295829738737972 0.26616
0.0009951903594405188 0.29763
0.0009869174501980931 0.30979
0.0010043935106839312 0.28724
0.001006426738030651 0.28522
0.0009999279130505692 0.292
0.000999911163915153 0.29202
0.0009878189219334902 0.30825
0.0009936679265807444 0.2996
0.0009885085786167794 0.30712
0.000992284114298423 0.30148
0.0009991170767451917 0.29291
0.001018290483337921 0.2747
0.0010350331972315248 0.26241
0.0010078248780785706 0.28386999999999996
0.001004870743559073 0.28676
0.000985677833826189 0.31203000000000003
0.001014480456980349 0.27787
0.0009919941296607723 0.30188000000000004
0.0010120609113439243 0.27998
0.0010105714950601728 0.28131
0.001019293845093974 0.27389
0.0010095509701766672 0.28225
0.001017529878129441 0.27532
0.0010011556036830442 0.29064
0.0010244450550706543 0.2699
0.0010042987525911234 0.28734
0.0009890491748409975 0.30625
0.0009938266376246627 0.29939
0.0009901378752805925 0.30458
0.0010237222206142603 0.27044
0.0009899114734096936 0.30491999999999997
0.0010037986261270781 0.28785
0.0010095703792535838 0.28223000000000004
0.0009885592887534766 0.30703
0.0009947915349122452 0.29813
0.0009828408554496074 0.3179
0.0010088191054597275 0.28293
0.0009914139606907327 0.3027
0.0010156479645873576 0.27688
0.001015124686808722 0.27731999999999996
0.0010159330416272515 0.27664
0.001030213178797443 0.26571
0.0009954486974877023 0.2973
0.0009943835242363654 0.29866
0.0010210490070945895 0.2725
0.000980912875763944 0.32284
0.0009787730778022313 0.3303
0.000980920927273735 0.32282
0.0009973491921226301 0.29496999999999995
0.001015443433177999 0.27705
0.0010044943919901399 0.28714
0.0009982556495889581 0.29391
0.0009965745739569714 0.29591
0.0009949578557859491 0.29791999999999996
0.0010027086996414406 0.28898
0.0010071771237234062 0.28449
0.000991850711858153 0.30208
0.0009941450261364173 0.29896999999999996
0.0009856949779892786 0.312
0.0010073962612952062 0.28428000000000003
0.0009906744256476905 0.30378
0.000982622436247863 0.31840999999999997
0.0009991933000181997 0.29283000000000003
0.0009852760430819588 0.31279
0.0009999485737754183 0.29198
0.001001938419384086 0.2898
0.0010075764468247732 0.28411
0.0009859393322844017 0.31154
0.0009912832006519396 0.30289
0.001039808836212437 0.25929
0.0009892276406821626 0.30596999999999996
0.001008662850869699 0.28308
0.0010130276081598754 0.27912
0.0009983088404539285 0.29384
0.0009957713211209158 0.2969
0.0009963521434132473 0.29618
0.001007728153760647 0.28396
0.0010172045649703215 0.27558
0.0009985897455236908 0.29352
0.00100938832156214 0.2824
0.001001810941697174 0.28994000000000003
0.0009845610266840522 0.3142
0.0010013232514932 0.29046
0.0009823783023186336 0.319
0.0010042413237600395 0.2874
0.0009812799141240415 0.32181
0.0009887411689384865 0.30674
0.0009950026515068778 0.29786
0.0010301857246586188 0.26573
0.001023059931971589 0.27095
0.0009830712000114936 0.31738
0.0009978459954614143 0.29439
0.000990322595758191 0.3043
0.0009847494152486673 0.31382
0.0010008324638398802 0.291
0.0010236478731063584 0.2705
0.0010059240453090576 0.28570999999999996
0.0010145817985516383 0.27778
0.0010066055835383557 0.28504
0.0009979532580859985 0.29425999999999997
0.001007501695565591 0.28418000000000004
0.0009830594713117918 0.3174
0.000999827537334268 0.29211
0.0009894435347790247 0.30564
0.0010036492239301927 0.28801
0.0009825430772174972 0.3186
0.0009938519080171318 0.29936
0.0009867606213671645 0.31006
0.0010042218841504991 0.28742
0.000982400826481753 0.31894
0.0010334595146989371 0.26347
0.0010096364930041698 0.28217
0.0009934386645046765 0.2999
0.0009932744187115296 0.30012
0.0009897794689294255 0.30512
0.0010104278965271777 0.28144
0.0009868130957585155 0.30996999999999997
0.0009818151838277324 0.3204
0.0009849858119075946 0.31335
0.0009926540212080095 0.30096999999999996
0.0010057981721968662 0.28584
0.0010500917983504695 0.253
0.000981118481883732 0.32226
0.0010005315191281446 0.29133000000000003
0.0009895263136529009 0.30551
0.0010190806957093128 0.27405999999999997
0.0009810151556918952 0.32255
0.000990831125710597 0.30355
0.0010407834673384184 0.25866999999999996
0.0009860312352924186 0.31137
0.0010117166503211873 0.28028000000000003
0.0009972635763697505 0.29508
0.0009926469374496422 0.30098
0.001005271068358073 0.28636
0.0009874496603811634 0.30887
0.0010098579681233053 0.28197
0.001001689967459133 0.29007
0.0010136167302055047 0.27860999999999997
0.0009950153532680252 0.29785
0.0010008756540378703 0.29095
0.0009789847489148267 0.32939
0.000990031844201716 0.30474
0.000986966640151483 0.3097
0.0010130551320875541 0.2791
0.0010021496105086637 0.28958
0.0009819254727853025 0.32011999999999996
0.0009836995102056707 0.31599
0.0009943515072718962 0.2987
0.0010010604486661266 0.29075
0.0010222584524930813 0.27155999999999997
0.001019109271021255 0.27404
0.0010072695609575177 0.2844
0.0009856484993708114 0.31208
0.001008805052487744 0.28294
0.001014058827237102 0.27823000000000003
0.0010119485213246203 0.28008
0.0010015634700401245 0.2902
0.0009911386493493667 0.3031
0.0010106773488222584 0.28121999999999997
0.0010246886204482927 0.26971999999999996
0.0009884056100928217 0.30728
0.000992368490540562 0.30136
0.000990533097717831 0.30399
0.0009988300550995558 0.29324
0.0010073667366272718 0.28431
0.0009943352221944328 0.29872
0.0009993985953120847 0.29259
0.0010086620522803892 0.28308
0.0009852978048777014 0.31275
0.0010008582821127857 0.29097
0.0009998572025281295 0.29208
0.0009845409542337314 0.31424
0.0010073226313987856 0.28435
0.0009935714182669109 0.29973
0.0009963728794266157 0.29615
0.0010050345653090718 0.2866
0.0009873024741700494 0.30912
0.0009970768908048983 0.2953
0.0010116400562948903 0.28035
0.0009923039785200423 0.30145
0.000995399001944405 0.29736
0.0010184137344373372 0.2746
0.0010029917418052257 0.28869
0.0010040220944007245 0.28762
0.0010305076439554046 0.26550999999999997
0.0009878908598294784 0.30813
0.0010071685249021102 0.2845
0.0010044143170550852 0.28722
0.0009875112058064395 0.30877
0.0009969672481528057 0.29543
0.0010153744049841665 0.27710999999999997
0.0009785420452132693 0.33137
0.0010038356419078886 0.28781
0.0010066015462151991 0.28505
0.0009859687171849838 0.31149
0.001005722329538616 0.28591
0.0010195265516672236 0.2737
0.0009864509384460674 0.31061
0.0009947460473713682 0.29819
0.0009788862683072813 0.32981
0.0009918045795289472 0.30215
0.0009949294936334426 0.29796
0.0010097080377689212 0.2821
0.000989082382198508 0.3062
0.0010099576355206631 0.28188
0.0009958209117912876 0.29684
0.0009866712965642451 0.31022
0.0010130934971827644 0.27907
0.001001017303982607 0.2908
0.0009849934272370454 0.31334
0.000994613931570292 0.29836
0.0010204400555321243 0.27298
0.0009960208716513947 0.29659
0.0009900126992983707 0.30477
0.0009783043128942836 0.33257
0.0010188390851781726 0.27425
0.0010057539357349909 0.28588
0.0010123339733222405 0.27973000000000003
0.0009833461375652725 0.31676
0.0009924734818034363 0.30121
0.0009868995851995805 0.30982
0.001000757335948457 0.29108
0.0010019269715465945 0.28981
0.0009892287326501619 0.30596999999999996
0.000996281711477294 0.29627
0.0009814126591626692 0.32145
0.001017044708858189 0.27571
0.0009963802556154542 0.29615
0.0009983304584998023 0.29381999999999997
0.0010052896841557014 0.28634
0.0009947478393139916 0.29819
0.0010006325369777641 0.29122
0.000982932238075514 0.31769000000000003
0.0009932347761768536 0.30018
0.000993529806472821 0.29978
0.0009908437273399098 0.30353
0.0009961114951338658 0.29648
0.0009879637671836832 0.30801
0.0009996051073594748 0.29236
0.0010014052327259847 0.29036999999999996
0.0010306450314700002 0.26541
0.0009900332024293666 0.30474
0.001037462956694366 0.2608
0.0010052795700818324 0.28635
0.000995408013619875 0.29735
0.001007325111747772 0.28435
0.0010069097267794897 0.28475
0.0010036655884683352 0.28799
0.0009954257985887774 0.29733000000000004
0.0009887279881375395 0.30676
0.001018525137551211 0.27451
0.0009930276072039428 0.30046
0.0009964834638489556 0.29602
0.001009906298991069 0.28192
0.001021237588337129 0.27235
0.0010056580828295292 0.28597
0.0010114642335169427 0.28051
0.0010176356848599073 0.27523000000000003
0.0010090401756897216 0.28271999999999997
0.0009940965570184501 0.29903
0.0009812499386732075 0.32189
0.0009827461969197028 0.31811999999999996
0.000995760500814183 0.29691
0.0010281929054378933 0.26715
0.001032893072703488 0.26386
0.0010170052009704875 0.27575
0.0010053568052932295 0.28626999999999997
0.0009978926312944473 0.29433000000000004
0.0010069486257215077 0.28471
0.0009836066584105925 0.31619
0.0010024627625806139 0.28924
0.0010019935878527897 0.28974
0.0010117104313377555 0.28029
0.0009778759088910677 0.33515
0.0009899542041011773 0.30485999999999996
0.000988769386961837 0.3067
0.0009919971675620193 0.30188000000000004
0.0009918672047850305 0.30206
0.0009922238284861115 0.30156
0.0009986447814315 0.29346
0.0010077054486775081 0.28398
0.0010169199868828084 0.27581999999999995
0.0009857767750781022 0.31184
0.001007381336721117 0.28429
0.0010281660251606815 0.26716999999999996
0.0009846886966696014 0.31394
0.0010096507054664432 0.28215999999999997
0.0009960713866448007 0.29653
0.0010089521226369588 0.28281
0.0009894750478603794 0.30559000000000003
0.0010111672555809348 0.28078000000000003
0.0009897127521121085 0.30522
0.000984246921652881 0.31484
0.0009915357536203079 0.30253
0.0010028506456198777 0.28884
0.0009909885405403303 0.30332
0.0009863168497823485 0.31085
0.0009810718081219737 0.32239
0.0010072878488613167 0.28438
0.0009881406771885394 0.30772
0.0010128594748620367 0.27926999999999996
0.0010083651202381389 0.28336
0.0009982496576089468 0.29391
0.0009942694515091665 0.29880999999999996
0.0009966303743182375 0.29584
0.0009973207880588824 0.29501
0.0009835065882101727 0.31640999999999997
0.0010217108434372123 0.27198
0.0009863981336955198 0.31071
0.001002130109264945 0.2896
0.0010101370531831878 0.28171
0.0009827375626350486 0.31814000000000003
0.0010181607640633481 0.2748
0.0009989772862562096 0.29307
0.0009858021363098688 0.3118
0.0010107486201209007 0.28115
0.0009963881914426334 0.29614
0.0009976972943770144 0.29456
0.0009963209225727207 0.29622
0.000988999088442187 0.30633
0.0009960062288877339 0.29661
0.0009938185002063087 0.2994
0.0010072298547025836 0.28444
0.0009958436255980332 0.29681
0.0010105361923302373 0.28135
0.0009955465242040245 0.29718
0.0010061996705106246 0.28544
0.0010074565766919233 0.28422
0.000987319902419291 0.30909000000000003
0.0009882700185033656 0.3075
0.0009906295347256614 0.30384
0.0010019822996952315 0.28975
0.0010040012552212233 0.28764
0.001012716281976758 0.2794
0.0009916832360547662 0.30232
0.0009873773805577175 0.30899
0.0010014192741297071 0.29036
0.000980512062632607 0.32402
0.0009903209796152089 0.3043
0.0009827616246183325 0.31809
0.0010231992329903722 0.27084
0.0010171743581542639 0.27560999999999997
0.001007143280301174 0.28452
0.0010085290927548203 0.2832
0.0009912322805797483 0.30296999999999996
0.0009944051200939349 0.29863
0.000978571108857549 0.33123
0.000997057510364169 0.29531999999999997
0.001004456332031524 0.28718
0.000989003545636332 0.30633
0.0009805160777674594 0.32400999999999996
0.0009988572001192698 0.29320999999999997
0.0009942016683257397 0.2989
0.0010018487786348856 0.2899
0.000995931537555938 0.2967
0.0010068445439894646 0.28481
0.0009900977098984392 0.30464
0.0010008343726029773 0.291
0.0010015613412904213 0.29020999999999997
0.0010366818053057867 0.26131
0.0010241762873826083 0.2701
0.0010071948901072332 0.28447
0.0010365861555086486 0.26138
0.0009934003817147997 0.29996
0.0010106975932793482 0.2812
0.0009983729229316352 0.29377
0.0009869582567653462 0.30972
0.0009861505205643252 0.31115
0.001022684818965178 0.27123
0.0009871143116606364 0.30944
0.0009904029490900887 0.30418
0.000981162405623268 0.32214
0.0010159875306028428 0.27659
0.0010069656003431958 0.28469
0.000997625665031206 0.29465
0.0010096681934534271 0.28214
0.000995041409354038 0.29782
0.0009871757414033008 0.30934
0.0009990962426860686 0.29294000000000003
0.0009880830234401151 0.30781
0.0009832749783460128 0.31692
0.0009914643522261379 0.30263
0.001015498970693199 0.277
0.0009941916782788022 0.29891
0.0009812695453587825 0.32184
0.0009943011885596435 0.29877
0.0010173218074010875 0.27549
0.0009926092787769392 0.30103
0.0009860192649867369 0.31139
0.0010020957483052567 0.28963
0.0009803086438624025 0.32465
0.0010017579892142416 0.28999
0.0010313218468144334 0.26494
0.0009892509425737928 0.30594
0.0009983366277966043 0.29381
0.0010095719999480125 0.28223000000000004
0.0010363397701302897 0.26154
0.0009979802199099694 0.29423
0.0009983368195263102 0.29381
0.0010013228794124055 0.29046
0.0010198809572964534 0.27342
0.0010108744896298633 0.28104
0.0009993230923055689 0.29268
0.0010020315399041826 0.2897
0.0009962105052264156 0.29635
0.0009935069822934852 0.29980999999999997
0.0009862385489634163 0.31099
0.001008026946586157 0.28368000000000004
0.0009852654930173938 0.31281
0.0010137961543159127 0.27846
0.001009315348211953 0.28247
0.001015341308757821 0.27714
0.0010118455603864073 0.28017
0.0009886412855370384 0.3069
0.00100188288679962 0.28986
0.0010238580304835303 0.27034
0.0009986152252827237 0.29349000000000003
0.000991523872257487 0.30255
0.001005907678684835 0.28573000000000004
0.0009969407319913562 0.29546
0.0010116242223796135 0.28037
0.0010343293980644601 0.26288
0.0009975027653414288 0.29479
0.0010220442088646972 0.27173
0.001016867176442952 0.27586
0.0010374870954833182 0.26079
0.000991068211724105 0.3032
0.000988028608046251 0.3079
0.001008215303290643 0.2835
0.0010130173935748849 0.27913000000000004
0.0010053974097003772 0.28623000000000004
0.00099336466613069 0.3
0.0010028213911941102 0.28886999999999996
0.0010022340049565908 0.28949
0.0009908737530463045 0.30349
0.0010219243783673654 0.27182
0.0009930388102115128 0.30044
0.000995776482651488 0.29689
0.0009907980736712165 0.3036
0.0010154680282495156 0.27703
0.0010037119204922794 0.28794000000000003
0.001016323573229398 0.27631
0.0010193818059799342 0.27382
0.0009876072199089838 0.3086
0.0010031264581893472 0.28855
0.000992075444865142 0.30177
0.0009919694530424962 0.30191999999999997
0.0010446480856480707 0.25626
0.0010179324289653242 0.27499
0.0009940648222436968 0.29908
0.0009887475343267978 0.30673
0.0009925648247938249 0.30109
0.0010039898494846168 0.28765999999999997
0.0010034900530004813 0.28817
0.0009977254407150741 0.29453
0.0009958090306181103 0.29685
0.0009906585310464535 0.3038
0.0009995071662880458 0.29247
0.0009822750808100784 0.31925
0.0009892241468776382 0.30598000000000003
0.001020898244963261 0.27262
0.000990022478461596 0.30475
0.0009914032727552512 0.30272
0.0010002502787684513 0.29164
0.0010182365670860804 0.27474
0.000998496890125384 0.29363
0.0009916502989394229 0.30236999999999997
0.0009864794293665958 0.31056
0.0010133242221697647 0.27887
0.0010209011408214318 0.27262
0.0009801155162932138 0.32526
0.0009880733546494805 0.30783
0.0009875370917821196 0.30872
0.001003509652289955 0.28815
0.001019106540911613 0.27404
0.0010106663212350426 0.28123000000000004
0.0009838496956307322 0.31567
0.001006374749316627 0.28526999999999997
0.001008429674738831 0.2833
0.000991277367593287 0.3029
0.0009899843335426355 0.30480999999999997
0.000997184990137161 0.29517
0.0010162687172933897 0.27636
0.00099349905765528 0.29982
0.0009970728567056828 0.29531
0.0009808642152955582 0.32298000000000004
0.001019875269694462 0.27342
0.001031110992307292 0.26508000000000004
0.0010539601484673968 0.25078
0.0009960325857485376 0.29657
0.0010253470452917255 0.26923
0.0010167474762307913 0.27596
0.0009919794990343035 0.3019
0.0010082311186208443 0.28348
0.0009819208872024227 0.32013
0.0010168642210366821 0.27586
0.0009930425530181182 0.30044
0.0009773349614468538 0.34046
0.0010044772603435297 0.28715999999999997
0.0010015328655413828 0.29024
0.001002482883390059 0.28922
0.0010095766263042722 0.28223000000000004
0.001005196636648401 0.28643
0.0009824841067733766 0.31874
0.0009997353756523452 0.29220999999999997
0.000990767680056187 0.30364
0.0010128612412027705 0.27926999999999996
0.0010022314161314506 0.28949
0.0009842780436890785 0.31477
0.001001556179001274 0.29020999999999997
0.0009892766633698743 0.3059
0.0009983545214313043 0.29379
0.0009805541335539153 0.32389
0.0009801964030926322 0.325
0.0010042169911553013 0.28742
0.0010123642666157917 0.27971
0.000990832008880964 0.30355
0.000993745280698695 0.2995
0.0009813835445042546 0.32153000000000004
0.0010032817785948737 0.28839000000000004
0.0009971653312995888 0.29519
0.0009975883215462096 0.29469
0.0009870869305346084 0.30949
0.00100773949027733 0.28395
0.0009923427712616294 0.3014
0.0009792372785570288 0.32837
0.0010098478383090157 0.28198
0.0010253557315387332 0.26921999999999996
0.0010166130526564285 0.27607
0.0009863029915743687 0.31088000000000005
0.000988213923246261 0.3076
0.0009907496375512403 0.30367
0.0010096737090486494 0.28214
0.0010038095835461524 0.28784
0.0009920401573066966 0.30182
0.0010249399845407687 0.26953
0.0009947701558173404 0.29816
0.0009902592045315016 0.3044
0.0010091382290301773 0.28263
0.0010038281980162757 0.28781999999999996
0.0009993822986663601 0.29261
0.0009923234661094202 0.30141999999999997
0.0009808594091571413 0.32299
0.0009844277790898152 0.31446999999999997
0.001006634728919038 0.28502
0.0010041122187411716 0.28753
0.001001912152983292 0.28983000000000003
0.001034588906592104 0.26271
0.0009946848256677618 0.29827
0.0009883249146438225 0.30741
0.0009981911462920452 0.29398
0.00099445539499851 0.29857
0.0009979375851781604 0.29428000000000004
0.0010046989323127492 0.28693
0.0009992741555264197 0.29274
0.0010136351861335564 0.2786
0.0009942698125906307 0.29880999999999996
0.0009930279851636896 0.30046
0.0010038532099244826 0.2878
0.0009784094355801906 0.33203
0.0009892566100735598 0.30593000000000004
0.0010154975517795886 0.277
0.000981527569925052 0.32115
0.0009874464717132337 0.30887
0.0009777619878787696 0.33597
0.0010045716797328214 0.28706
0.0010140902545995377 0.2782
0.0010025398299574014 0.28916
0.0010000998280319568 0.29181
0.001008484975389142 0.28324
0.0009853912331894029 0.31256999999999996
0.0010058162412519207 0.28581999999999996
0.0009999483486684343 0.29198
0.0009977561210712663 0.29449000000000003
0.0009917771775421198 0.30219
0.0010164314036469988 0.27621999999999997
0.0010158739088481868 0.27669
0.0009957573331966956 0.29691
0.0009912703026096392 0.30291
0.0009906613783558563 0.3038
0.000991080353657268 0.30319
0.0010219453510559794 0.2718
0.0010079821155915137 0.28371999999999997
0.0010017594999153672 0.28999
0.001009912036090047 0.28192
0.0009841441232392558 0.31505
0.0010326436450620784 0.26403000000000004
0.0009992350969044688 0.29278000000000004
0.0009882924700329763 0.30746999999999997
0.0010001676580573594 0.29173000000000004
0.0010106924501442074 0.2812
0.000981015105246691 0.32255
0.0009868075475445892 0.30998000000000003
0.0009781529105260733 0.33341
0.0009891134845117682 0.30615
0.000998420443641828 0.29372
0.0010048256362536665 0.28681
0.000995712261923578 0.29696999999999996
0.0009956471472156144 0.29705
0.0010041893327702915 0.28745
0.0009810417338668106 0.32247
0.0010011017744776282 0.2907
0.0009982939735315016 0.29386
0.0009931736176245747 0.30025999999999997
0.0009960492499236093 0.29655
0.0010286638592125737 0.26681
0.0009876992078773448 0.30845
0.0010040446602854417 0.2876
0.0009965288415861731 0.29596
0.0009994122623592891 0.29258
0.0009851667673902833 0.313
0.0010204377631199719 0.27298
0.001004071367228379 0.28757
0.0010021046913297343 0.28962
0.0010124803708055137 0.27960999999999997
0.0010023771781189324 0.28933000000000003
0.001012498576783266 0.27959
0.0009868429456652687 0.30992
0.001008130061135707 0.28358
0.0010128135934313483 0.27931
0.0010121520557774366 0.2799
0.0010051297262049417 0.2865
0.0010146764889416716 0.2777
0.0010121511911921448 0.2799
0.0010019772906381345 0.28976
0.0009939369836649643 0.29924
0.0010039265583897622 0.28772
0.001011909619537948 0.28010999999999997
0.0010233728970549237 0.27071
0.0009926652860394016 0.30095
0.0009934642823242687 0.29986999999999997
0.0009874315693274487 0.3089
0.0009832280955969785 0.31701999999999997
0.0010189271581435158 0.27418000000000003
0.0009939440188745628 0.29923
0.0010043064773449465 0.28733000000000003
0.0009926588389146875 0.30096
0.0009865918501081672 0.31035999999999997
